Date,Close
2020-01-01T10:00:00Z,7174.345407407406
2020-01-01T11:00:00Z,7171.490925925926
2020-01-01T12:00:00Z,7180.880407407407
2020-01-01T13:00:00Z,7192.727814814815
2020-01-01T14:00:00Z,7201.900259259259
2020-01-01T15:00:00Z,7210.376222222221
2020-01-01T16:00:00Z,7218.712185185184
2020-01-01T17:00:00Z,7224.323703703702
2020-01-01T18:00:00Z,7226.304148148146
2020-01-01T19:00:00Z,7221.663518518518
2020-01-01T20:00:00Z,7217.058222222223
2020-01-01T21:00:00Z,7214.698481481483
2020-01-01T22:00:00Z,7202.963555555557
2020-01-01T23:00:00Z,7187.079629629629
2020-01-02T00:00:00Z,7174.694592592593
2020-01-02T01:00:00Z,7165.017851851851
2020-01-02T02:00:00Z,7152.898222222223
2020-01-02T03:00:00Z,7128.244333333333
2020-01-02T04:00:00Z,7105.82337037037
2020-01-02T05:00:00Z,7091.804999999999
2020-01-02T06:00:00Z,7087.962555555554
2020-01-02T07:00:00Z,7082.516888888888
2020-01-02T08:00:00Z,7088.890555555557
2020-01-02T09:00:00Z,7104.440962962964
2020-01-02T10:00:00Z,7124.082592592593
2020-01-02T11:00:00Z,7134.447074074073
2020-01-02T12:00:00Z,7137.819111111111
2020-01-02T13:00:00Z,7129.715851851851
2020-01-02T14:00:00Z,7120.258851851852
2020-01-02T15:00:00Z,7112.577814814814
2020-01-02T16:00:00Z,7082.910259259258
2020-01-02T17:00:00Z,7022.076296296295
2020-01-02T18:00:00Z,6961.160333333333
2020-01-02T19:00:00Z,6924.278925925925
2020-01-02T20:00:00Z,6906.233777777778
2020-01-02T21:00:00Z,6911.8443703703715
2020-01-02T22:00:00Z,6925.0988518518525
2020-01-02T23:00:00Z,6936.302962962963
2020-01-03T00:00:00Z,6935.133518518517
2020-01-03T01:00:00Z,6911.011037037038
2020-01-03T02:00:00Z,6901.481777777779
2020-01-03T03:00:00Z,6906.4217777777785
2020-01-03T04:00:00Z,6999.201518518519
2020-01-03T05:00:00Z,7121.644074074075
2020-01-03T06:00:00Z,7221.689444444445
2020-01-03T07:00:00Z,7266.68985185185
2020-01-03T08:00:00Z,7282.912629629628
2020-01-03T09:00:00Z,7311.991555555555
2020-01-03T10:00:00Z,7335.649814814814
2020-01-03T11:00:00Z,7355.3862962962985
2020-01-03T12:00:00Z,7356.468962962965
2020-01-03T13:00:00Z,7355.418296296298
2020-01-03T14:00:00Z,7325.746592592593
2020-01-03T15:00:00Z,7305.835333333332
2020-01-03T16:00:00Z,7319.034703703702
2020-01-03T17:00:00Z,7342.728703703702
2020-01-03T18:00:00Z,7359.225703703704
2020-01-03T19:00:00Z,7357.049703703706
2020-01-03T20:00:00Z,7338.117481481483
2020-01-03T21:00:00Z,7306.305592592592
2020-01-03T22:00:00Z,7284.525296296296
2020-01-03T23:00:00Z,7287.062851851852
2020-01-04T00:00:00Z,7296.029777777777
2020-01-04T01:00:00Z,7304.788037037037
2020-01-04T02:00:00Z,7311.968333333333
2020-01-04T03:00:00Z,7317.9276666666665
2020-01-04T04:00:00Z,7324.807962962964
2020-01-04T05:00:00Z,7331.9115555555545
2020-01-04T06:00:00Z,7341.285703703704
2020-01-04T07:00:00Z,7347.868444444444
2020-01-04T08:00:00Z,7349.841925925927
2020-01-04T09:00:00Z,7351.357407407407
2020-01-04T10:00:00Z,7338.423296296296
2020-01-04T11:00:00Z,7327.211407407408
2020-01-04T12:00:00Z,7311.990777777776
2020-01-04T13:00:00Z,7296.299370370369
2020-01-04T14:00:00Z,7289.5815555555555
2020-01-04T15:00:00Z,7290.282222222223
2020-01-04T16:00:00Z,7293.723962962965
2020-01-04T17:00:00Z,7308.751592592594
2020-01-04T18:00:00Z,7312.094148148147
2020-01-04T19:00:00Z,7316.514296296296
2020-01-04T20:00:00Z,7322.800888888887
2020-01-04T21:00:00Z,7333.638629629629
2020-01-04T22:00:00Z,7345.501592592591
2020-01-04T23:00:00Z,7353.495074074075
2020-01-05T00:00:00Z,7362.815777777778
2020-01-05T01:00:00Z,7395.12062962963
2020-01-05T02:00:00Z,7430.432037037036
2020-01-05T03:00:00Z,7466.511703703703
2020-01-05T04:00:00Z,7482.105296296296
2020-01-05T05:00:00Z,7482.335370370369
2020-01-05T06:00:00Z,7476.876444444445
2020-01-05T07:00:00Z,7472.923407407409
2020-01-05T08:00:00Z,7459.757000000001
2020-01-05T09:00:00Z,7442.269037037037
2020-01-05T10:00:00Z,7423.1254074074095
2020-01-05T11:00:00Z,7412.3661481481495
2020-01-05T12:00:00Z,7420.886703703703
2020-01-05T13:00:00Z,7430.145037037037
2020-01-05T14:00:00Z,7436.084074074072
2020-01-05T15:00:00Z,7444.51937037037
2020-01-05T16:00:00Z,7452.365592592593
2020-01-05T17:00:00Z,7460.760037037039
2020-01-05T18:00:00Z,7457.198111111113
2020-01-05T19:00:00Z,7448.674407407409
2020-01-05T20:00:00Z,7436.987222222222
2020-01-05T21:00:00Z,7406.70411111111
2020-01-05T22:00:00Z,7370.333296296293
2020-01-05T23:00:00Z,7341.846518518517
2020-01-06T00:00:00Z,7334.850592592592
2020-01-06T01:00:00Z,7357.1641481481465
2020-01-06T02:00:00Z,7428.599592592592
2020-01-06T03:00:00Z,7506.662333333334
2020-01-06T04:00:00Z,7560.597999999999
2020-01-06T05:00:00Z,7579.194962962963
2020-01-06T06:00:00Z,7565.473074074075
2020-01-06T07:00:00Z,7540.092925925926
2020-01-06T08:00:00Z,7528.843777777776
2020-01-06T09:00:00Z,7530.5459999999985
2020-01-06T10:00:00Z,7542.350962962962
2020-01-06T11:00:00Z,7549.128777777777
2020-01-06T12:00:00Z,7554.0098518518525
2020-01-06T13:00:00Z,7546.878925925926
2020-01-06T14:00:00Z,7541.0434444444445
2020-01-06T15:00:00Z,7530.61311111111
2020-01-06T16:00:00Z,7522.6454814814815
2020-01-06T17:00:00Z,7527.381962962962
2020-01-06T18:00:00Z,7530.871814814815
2020-01-06T19:00:00Z,7535.470666666665
2020-01-06T20:00:00Z,7539.655666666666
2020-01-06T21:00:00Z,7552.95474074074
2020-01-06T22:00:00Z,7609.481444444442
2020-01-06T23:00:00Z,7693.698814814813
2020-01-07T00:00:00Z,7807.757888888887
2020-01-07T01:00:00Z,7907.868925925925
2020-01-07T02:00:00Z,7966.058777777776
2020-01-07T03:00:00Z,7979.694148148149
2020-01-07T04:00:00Z,7947.490370370371
2020-01-07T05:00:00Z,7911.059962962962
2020-01-07T06:00:00Z,7883.873555555557
2020-01-07T07:00:00Z,7873.586777777778
2020-01-07T08:00:00Z,7874.315370370369
2020-01-07T09:00:00Z,7870.864555555555
2020-01-07T10:00:00Z,7872.946333333332
2020-01-07T11:00:00Z,7879.782666666666
2020-01-07T12:00:00Z,7882.413814814815
2020-01-07T13:00:00Z,7873.478296296296
2020-01-07T14:00:00Z,7859.137333333335
2020-01-07T15:00:00Z,7821.841
2020-01-07T16:00:00Z,7826.706962962962
2020-01-07T17:00:00Z,7866.046592592592
2020-01-07T18:00:00Z,7949.239074074074
2020-01-07T19:00:00Z,8041.878555555554
2020-01-07T20:00:00Z,8134.064666666664
2020-01-07T21:00:00Z,8155.536925925924
2020-01-07T22:00:00Z,8132.342814814813
2020-01-07T23:00:00Z,8123.8209259259265
2020-01-08T00:00:00Z,8222.05425925926
2020-01-08T01:00:00Z,8345.97737037037
2020-01-08T02:00:00Z,8411.000703703705
2020-01-08T03:00:00Z,8409.323703703703
2020-01-08T04:00:00Z,8380.044185185185
2020-01-08T05:00:00Z,8356.93362962963
2020-01-08T06:00:00Z,8347.845555555554
2020-01-08T07:00:00Z,8333.230666666665
2020-01-08T08:00:00Z,8318.782333333333
2020-01-08T09:00:00Z,8304.271962962963
2020-01-08T10:00:00Z,8306.042851851851
2020-01-08T11:00:00Z,8317.036703703703
2020-01-08T12:00:00Z,8313.885481481479
2020-01-08T13:00:00Z,8331.796333333332
2020-01-08T14:00:00Z,8334.245407407407
2020-01-08T15:00:00Z,8327.371074074075
2020-01-08T16:00:00Z,8257.476444444446
2020-01-08T17:00:00Z,8156.718592592594
2020-01-08T18:00:00Z,8058.90625925926
2020-01-08T19:00:00Z,7972.025629629629
2020-01-08T20:00:00Z,7944.069888888888
2020-01-08T21:00:00Z,7942.848925925925
2020-01-08T22:00:00Z,7978.594518518519
2020-01-08T23:00:00Z,8015.711962962962
2020-01-09T00:00:00Z,8012.890555555555
2020-01-09T01:00:00Z,7997.768481481481
2020-01-09T02:00:00Z,7975.640444444444
2020-01-09T03:00:00Z,7955.733851851852
2020-01-09T04:00:00Z,7947.969296296297
2020-01-09T05:00:00Z,7940.012518518518
2020-01-09T06:00:00Z,7925.740148148149
2020-01-09T07:00:00Z,7921.477444444444
2020-01-09T08:00:00Z,7921.557703703703
2020-01-09T09:00:00Z,7906.322259259257
2020-01-09T10:00:00Z,7888.737814814813
2020-01-09T11:00:00Z,7870.27637037037
2020-01-09T12:00:00Z,7866.325814814813
2020-01-09T13:00:00Z,7872.207296296295
2020-01-09T14:00:00Z,7877.620740740739
2020-01-09T15:00:00Z,7885.751555555556
2020-01-09T16:00:00Z,7868.108925925925
2020-01-09T17:00:00Z,7832.700888888889
2020-01-09T18:00:00Z,7801.3112592592615
2020-01-09T19:00:00Z,7816.985888888891
2020-01-09T20:00:00Z,7830.972444444446
2020-01-09T21:00:00Z,7826.907518518518
2020-01-09T22:00:00Z,7811.264185185184
2020-01-09T23:00:00Z,7798.253370370369
2020-01-10T00:00:00Z,7798.318555555555
2020-01-10T01:00:00Z,7798.875333333333
2020-01-10T02:00:00Z,7795.966444444445
2020-01-10T03:00:00Z,7794.848333333332
2020-01-10T04:00:00Z,7791.522148148149
2020-01-10T05:00:00Z,7773.434185185186
2020-01-10T06:00:00Z,7748.538074074076
2020-01-10T07:00:00Z,7727.6262962962965
2020-01-10T08:00:00Z,7706.85774074074
2020-01-10T09:00:00Z,7697.264592592593
2020-01-10T10:00:00Z,7710.1423703703695
2020-01-10T11:00:00Z,7754.5860740740745
2020-01-10T12:00:00Z,7822.783666666667
2020-01-10T13:00:00Z,7876.627592592595
2020-01-10T14:00:00Z,7935.6997407407425
2020-01-10T15:00:00Z,8006.660444444446
2020-01-10T16:00:00Z,8038.057370370373
2020-01-10T17:00:00Z,8037.051518518518
2020-01-10T18:00:00Z,8029.007296296295
2020-01-10T19:00:00Z,8038.708592592592
2020-01-10T20:00:00Z,8064.752962962964
2020-01-10T21:00:00Z,8080.116259259262
2020-01-10T22:00:00Z,8092.663222222224
2020-01-10T23:00:00Z,8131.454148148149
2020-01-11T00:00:00Z,8171.902518518519
2020-01-11T01:00:00Z,8211.099629629629
2020-01-11T02:00:00Z,8232.484629629631
2020-01-11T03:00:00Z,8223.275703703706
2020-01-11T04:00:00Z,8186.821666666668
2020-01-11T05:00:00Z,8134.760888888889
2020-01-11T06:00:00Z,8098.87762962963
2020-01-11T07:00:00Z,8073.590444444443
2020-01-11T08:00:00Z,8055.973444444443
2020-01-11T09:00:00Z,8060.134037037035
2020-01-11T10:00:00Z,8058.503703703703
2020-01-11T11:00:00Z,8050.695037037037
2020-01-11T12:00:00Z,8042.868629629629
2020-01-11T13:00:00Z,8048.514296296296
2020-01-11T14:00:00Z,8053.753000000001
2020-01-11T15:00:00Z,8068.752851851852
2020-01-11T16:00:00Z,8106.270074074074
2020-01-11T17:00:00Z,8144.781518518518
2020-01-11T18:00:00Z,8175.295777777777
2020-01-11T19:00:00Z,8184.038037037038
2020-01-11T20:00:00Z,8181.237629629631
2020-01-11T21:00:00Z,8156.836333333333
2020-01-11T22:00:00Z,8118.747555555555
2020-01-11T23:00:00Z,8066.082185185184
2020-01-12T00:00:00Z,8033.087037037037
2020-01-12T01:00:00Z,8024.640148148148
2020-01-12T02:00:00Z,8042.363185185183
2020-01-12T03:00:00Z,8067.270666666666
2020-01-12T04:00:00Z,8079.373222222223
2020-01-12T05:00:00Z,8090.075000000001
2020-01-12T06:00:00Z,8091.75737037037
2020-01-12T07:00:00Z,8093.704148148147
2020-01-12T08:00:00Z,8107.0091111111105
2020-01-12T09:00:00Z,8122.449592592592
2020-01-12T10:00:00Z,8132.287703703703
2020-01-12T11:00:00Z,8129.049703703703
2020-01-12T12:00:00Z,8126.418629629629
2020-01-12T13:00:00Z,8136.413222222222
2020-01-12T14:00:00Z,8144.134296296298
2020-01-12T15:00:00Z,8150.6722592592605
2020-01-12T16:00:00Z,8137.151703703705
2020-01-12T17:00:00Z,8114.689259259259
2020-01-12T18:00:00Z,8100.976814814814
2020-01-12T19:00:00Z,8101.361481481482
2020-01-12T20:00:00Z,8115.70551851852
2020-01-12T21:00:00Z,8121.014740740742
2020-01-12T22:00:00Z,8132.184703703704
2020-01-12T23:00:00Z,8151.965222222224
2020-01-13T00:00:00Z,8163.5377777777785
2020-01-13T01:00:00Z,8165.903148148148
2020-01-13T02:00:00Z,8148.102629629629
2020-01-13T03:00:00Z,8122.560851851852
2020-01-13T04:00:00Z,8103.483
2020-01-13T05:00:00Z,8087.375111111112
2020-01-13T06:00:00Z,8066.736222222222
2020-01-13T07:00:00Z,8051.902259259259
2020-01-13T08:00:00Z,8060.084333333332
2020-01-13T09:00:00Z,8077.225111111111
2020-01-13T10:00:00Z,8097.261555555556
2020-01-13T11:00:00Z,8098.687999999999
2020-01-13T12:00:00Z,8091.116259259259
2020-01-13T13:00:00Z,8080.1764814814815
2020-01-13T14:00:00Z,8074.933444444444
2020-01-13T15:00:00Z,8073.118888888889
2020-01-13T16:00:00Z,8079.966037037037
2020-01-13T17:00:00Z,8087.150185185184
2020-01-13T18:00:00Z,8093.8628148148155
2020-01-13T19:00:00Z,8101.802666666667
2020-01-13T20:00:00Z,8121.829296296298
2020-01-13T21:00:00Z,8137.848814814814
2020-01-13T22:00:00Z,8142.443925925926
2020-01-13T23:00:00Z,8132.44674074074
2020-01-14T00:00:00Z,8166.776555555555
2020-01-14T01:00:00Z,8273.600407407406
2020-01-14T02:00:00Z,8395.494222222222
2020-01-14T03:00:00Z,8493.829814814813
2020-01-14T04:00:00Z,8555.504074074073
2020-01-14T05:00:00Z,8569.316962962963
2020-01-14T06:00:00Z,8563.652629629629
2020-01-14T07:00:00Z,8547.71488888889
2020-01-14T08:00:00Z,8531.275000000001
2020-01-14T09:00:00Z,8515.56888888889
2020-01-14T10:00:00Z,8509.835222222224
2020-01-14T11:00:00Z,8513.430444444446
2020-01-14T12:00:00Z,8511.184185185184
2020-01-14T13:00:00Z,8533.657333333333
2020-01-14T14:00:00Z,8595.118481481482
2020-01-14T15:00:00Z,8664.438851851852
2020-01-14T16:00:00Z,8714.819
2020-01-14T17:00:00Z,8762.40003703704
2020-01-14T18:00:00Z,8796.683703703704
2020-01-14T19:00:00Z,8817.370037037037
2020-01-14T20:00:00Z,8795.077592592594
2020-01-14T21:00:00Z,8763.340703703703
2020-01-14T22:00:00Z,8739.920444444442
2020-01-14T23:00:00Z,8754.770296296294
2020-01-15T00:00:00Z,8776.412703703703
2020-01-15T01:00:00Z,8787.685592592594
2020-01-15T02:00:00Z,8797.087962962964
2020-01-15T03:00:00Z,8778.111592592591
2020-01-15T04:00:00Z,8709.305629629629
2020-01-15T05:00:00Z,8631.837703703703
2020-01-15T06:00:00Z,8591.020814814814
2020-01-15T07:00:00Z,8577.330444444444
2020-01-15T08:00:00Z,8586.836074074074
2020-01-15T09:00:00Z,8632.47462962963
2020-01-15T10:00:00Z,8703.222111111112
2020-01-15T11:00:00Z,8750.997555555554
2020-01-15T12:00:00Z,8777.309148148148
2020-01-15T13:00:00Z,8819.080333333335
2020-01-15T14:00:00Z,8854.649740740742
2020-01-15T15:00:00Z,8850.110851851852
2020-01-15T16:00:00Z,8819.985074074073
2020-01-15T17:00:00Z,8787.10996296296
2020-01-15T18:00:00Z,8757.370185185184
2020-01-15T19:00:00Z,8743.072592592593
2020-01-15T20:00:00Z,8754.534814814815
2020-01-15T21:00:00Z,8783.840740740741
2020-01-15T22:00:00Z,8823.315666666667
2020-01-15T23:00:00Z,8842.160185185186
2020-01-16T00:00:00Z,8822.300555555557
2020-01-16T01:00:00Z,8755.022777777778
2020-01-16T02:00:00Z,8678.609407407408
2020-01-16T03:00:00Z,8618.518444444448
2020-01-16T04:00:00Z,8592.493259259261
2020-01-16T05:00:00Z,8607.566481481483
2020-01-16T06:00:00Z,8644.294111111112
2020-01-16T07:00:00Z,8669.509666666665
2020-01-16T08:00:00Z,8675.673999999999
2020-01-16T09:00:00Z,8661.923888888889
2020-01-16T10:00:00Z,8646.698444444444
2020-01-16T11:00:00Z,8658.879407407405
2020-01-16T12:00:00Z,8684.698555555553
2020-01-16T13:00:00Z,8703.557074074073
2020-01-16T14:00:00Z,8702.587592592592
2020-01-16T15:00:00Z,8698.048222222222
2020-01-16T16:00:00Z,8678.115222222223
2020-01-16T17:00:00Z,8663.855962962964
2020-01-16T18:00:00Z,8656.07451851852
2020-01-16T19:00:00Z,8662.732185185185
2020-01-16T20:00:00Z,8689.852481481481
2020-01-16T21:00:00Z,8703.44348148148
2020-01-16T22:00:00Z,8712.66414814815
2020-01-16T23:00:00Z,8715.912000000002
2020-01-17T00:00:00Z,8708.135814814816
2020-01-17T01:00:00Z,8708.041777777778
2020-01-17T02:00:00Z,8717.692962962961
2020-01-17T03:00:00Z,8742.067777777776
2020-01-17T04:00:00Z,8775.572037037035
2020-01-17T05:00:00Z,8830.449333333332
2020-01-17T06:00:00Z,8875.087999999998
2020-01-17T07:00:00Z,8916.101925925925
2020-01-17T08:00:00Z,8941.048222222222
2020-01-17T09:00:00Z,8960.358555555555
2020-01-17T10:00:00Z,8960.766962962964
2020-01-17T11:00:00Z,8942.302037037038
2020-01-17T12:00:00Z,8889.872185185186
2020-01-17T13:00:00Z,8841.339185185185
2020-01-17T14:00:00Z,8793.474925925926
2020-01-17T15:00:00Z,8781.551111111114
2020-01-17T16:00:00Z,8800.79640740741
2020-01-17T17:00:00Z,8835.60588888889
2020-01-17T18:00:00Z,8878.38777777778
2020-01-17T19:00:00Z,8896.589629629629
2020-01-17T20:00:00Z,8896.468111111111
2020-01-17T21:00:00Z,8897.293592592594
2020-01-17T22:00:00Z,8908.939370370374
2020-01-17T23:00:00Z,8917.031555555555
2020-01-18T00:00:00Z,8937.63248148148
2020-01-18T01:00:00Z,8948.084481481483
2020-01-18T02:00:00Z,8945.728703703704
2020-01-18T03:00:00Z,8937.232333333333
2020-01-18T04:00:00Z,8901.480037037036
2020-01-18T05:00:00Z,8862.201296296298
2020-01-18T06:00:00Z,8835.701037037037
2020-01-18T07:00:00Z,8823.595703703702
2020-01-18T08:00:00Z,8829.07425925926
2020-01-18T09:00:00Z,8843.580888888888
2020-01-18T10:00:00Z,8861.676148148146
2020-01-18T11:00:00Z,8872.366481481482
2020-01-18T12:00:00Z,8885.453703703703
2020-01-18T13:00:00Z,8900.035555555556
2020-01-18T14:00:00Z,8912.948481481482
2020-01-18T15:00:00Z,8914.897185185184
2020-01-18T16:00:00Z,8903.286629629629
2020-01-18T17:00:00Z,8893.412296296296
2020-01-18T18:00:00Z,8881.413407407408
2020-01-18T19:00:00Z,8881.449555555557
2020-01-18T20:00:00Z,8887.074000000002
2020-01-18T21:00:00Z,8899.622888888889
2020-01-18T22:00:00Z,8922.19137037037
2020-01-18T23:00:00Z,8932.075518518519
2020-01-19T00:00:00Z,8949.137074074075
2020-01-19T01:00:00Z,9016.648111111112
2020-01-19T02:00:00Z,9103.419296296297
2020-01-19T03:00:00Z,9174.459333333334
2020-01-19T04:00:00Z,9203.90240740741
2020-01-19T05:00:00Z,9191.61062962963
2020-01-19T06:00:00Z,9146.895555555553
2020-01-19T07:00:00Z,9102.052333333333
2020-01-19T08:00:00Z,9074.928629629629
2020-01-19T09:00:00Z,9057.865370370371
2020-01-19T10:00:00Z,9042.511962962963
2020-01-19T11:00:00Z,8918.680518518517
2020-01-19T12:00:00Z,8745.505592592594
2020-01-19T13:00:00Z,8593.461481481481
2020-01-19T14:00:00Z,8510.732703703705
2020-01-19T15:00:00Z,8503.989925925927
2020-01-19T16:00:00Z,8537.035814814815
2020-01-19T17:00:00Z,8581.697814814814
2020-01-19T18:00:00Z,8616.697185185183
2020-01-19T19:00:00Z,8638.579407407407
2020-01-19T20:00:00Z,8647.083111111113
2020-01-19T21:00:00Z,8670.435407407409
2020-01-19T22:00:00Z,8673.075703703704
2020-01-19T23:00:00Z,8682.632592592592
2020-01-20T00:00:00Z,8681.83948148148
2020-01-20T01:00:00Z,8670.190888888888
2020-01-20T02:00:00Z,8655.542
2020-01-20T03:00:00Z,8646.820222222223
2020-01-20T04:00:00Z,8637.907
2020-01-20T05:00:00Z,8640.390037037037
2020-01-20T06:00:00Z,8650.042148148148
2020-01-20T07:00:00Z,8655.624555555556
2020-01-20T08:00:00Z,8649.95777777778
2020-01-20T09:00:00Z,8643.069851851853
2020-01-20T10:00:00Z,8638.800925925925
2020-01-20T11:00:00Z,8627.359111111109
2020-01-20T12:00:00Z,8603.270518518517
2020-01-20T13:00:00Z,8583.660037037036
2020-01-20T14:00:00Z,8591.406259259258
2020-01-20T15:00:00Z,8620.747370370373
2020-01-20T16:00:00Z,8652.38262962963
2020-01-20T17:00:00Z,8661.90237037037
2020-01-20T18:00:00Z,8659.360962962963
2020-01-20T19:00:00Z,8655.493999999999
2020-01-20T20:00:00Z,8656.476148148147
2020-01-20T21:00:00Z,8664.404777777776
2020-01-20T22:00:00Z,8664.061481481482
2020-01-20T23:00:00Z,8653.205962962964
2020-01-21T00:00:00Z,8634.822259259261
2020-01-21T01:00:00Z,8623.215666666669
2020-01-21T02:00:00Z,8625.987592592594
2020-01-21T03:00:00Z,8638.233111111113
2020-01-21T04:00:00Z,8651.69011111111
2020-01-21T05:00:00Z,8655.975296296298
2020-01-21T06:00:00Z,8648.995037037037
2020-01-21T07:00:00Z,8634.234777777778
2020-01-21T08:00:00Z,8626.501148148149
2020-01-21T09:00:00Z,8618.498185185184
2020-01-21T10:00:00Z,8621.610999999999
2020-01-21T11:00:00Z,8628.863888888889
2020-01-21T12:00:00Z,8638.293185185184
2020-01-21T13:00:00Z,8647.644481481484
2020-01-21T14:00:00Z,8651.268370370371
2020-01-21T15:00:00Z,8648.27462962963
2020-01-21T16:00:00Z,8640.762666666664
2020-01-21T17:00:00Z,8635.433333333332
2020-01-21T18:00:00Z,8625.789740740742
2020-01-21T19:00:00Z,8585.92840740741
2020-01-21T20:00:00Z,8595.238074074075
2020-01-21T21:00:00Z,8640.071777777777
2020-01-21T22:00:00Z,8695.60511111111
2020-01-21T23:00:00Z,8737.41011111111
2020-01-22T00:00:00Z,8752.585888888889
2020-01-22T01:00:00Z,8748.02640740741
2020-01-22T02:00:00Z,8730.794962962964
2020-01-22T03:00:00Z,8712.946037037038
2020-01-22T04:00:00Z,8706.310518518521
2020-01-22T05:00:00Z,8703.582074074076
2020-01-22T06:00:00Z,8713.303444444446
2020-01-22T07:00:00Z,8720.833407407408
2020-01-22T08:00:00Z,8705.078518518518
2020-01-22T09:00:00Z,8680.858074074073
2020-01-22T10:00:00Z,8651.975888888888
2020-01-22T11:00:00Z,8631.36062962963
2020-01-22T12:00:00Z,8624.282444444443
2020-01-22T13:00:00Z,8620.00074074074
2020-01-22T14:00:00Z,8619.303777777777
2020-01-22T15:00:00Z,8621.531555555555
2020-01-22T16:00:00Z,8633.763925925923
2020-01-22T17:00:00Z,8650.237962962963
2020-01-22T18:00:00Z,8658.911814814814
2020-01-22T19:00:00Z,8657.300000000001
2020-01-22T20:00:00Z,8650.786703703701
2020-01-22T21:00:00Z,8643.428777777777
2020-01-22T22:00:00Z,8637.277444444444
2020-01-22T23:00:00Z,8640.99474074074
2020-01-23T00:00:00Z,8641.94037037037
2020-01-23T01:00:00Z,8621.74611111111
2020-01-23T02:00:00Z,8592.924222222222
2020-01-23T03:00:00Z,8563.821592592592
2020-01-23T04:00:00Z,8545.808703703704
2020-01-23T05:00:00Z,8529.772037037037
2020-01-23T06:00:00Z,8510.831481481482
2020-01-23T07:00:00Z,8508.919444444444
2020-01-23T08:00:00Z,8498.30425925926
2020-01-23T09:00:00Z,8465.815666666667
2020-01-23T10:00:00Z,8426.391740740743
2020-01-23T11:00:00Z,8388.437814814817
2020-01-23T12:00:00Z,8365.625333333335
2020-01-23T13:00:00Z,8337.42037037037
2020-01-23T14:00:00Z,8314.961000000001
2020-01-23T15:00:00Z,8302.697777777777
2020-01-23T16:00:00Z,8298.778740740741
2020-01-23T17:00:00Z,8295.15785185185
2020-01-23T18:00:00Z,8293.673666666667
2020-01-23T19:00:00Z,8305.967703703705
2020-01-23T20:00:00Z,8327.107703703705
2020-01-23T21:00:00Z,8356.473185185185
2020-01-23T22:00:00Z,8384.603444444443
2020-01-23T23:00:00Z,8400.835296296294
2020-01-24T00:00:00Z,8407.981259259259
2020-01-24T01:00:00Z,8393.702777777778
2020-01-24T02:00:00Z,8353.63674074074
2020-01-24T03:00:00Z,8315.386740740743
2020-01-24T04:00:00Z,8285.711296296298
2020-01-24T05:00:00Z,8276.384259259257
2020-01-24T06:00:00Z,8288.595222222224
2020-01-24T07:00:00Z,8304.663925925926
2020-01-24T08:00:00Z,8314.310185185184
2020-01-24T09:00:00Z,8296.169999999998
2020-01-24T10:00:00Z,8260.563888888886
2020-01-24T11:00:00Z,8273.812
2020-01-24T12:00:00Z,8328.699740740742
2020-01-24T13:00:00Z,8405.255740740742
2020-01-24T14:00:00Z,8465.051814814813
2020-01-24T15:00:00Z,8503.816666666666
2020-01-24T16:00:00Z,8509.464888888888
2020-01-24T17:00:00Z,8500.14074074074
2020-01-24T18:00:00Z,8488.922814814816
2020-01-24T19:00:00Z,8485.33388888889
2020-01-24T20:00:00Z,8484.551370370371
2020-01-24T21:00:00Z,8489.94188888889
2020-01-24T22:00:00Z,8481.116592592592
2020-01-24T23:00:00Z,8459.330185185187
2020-01-25T00:00:00Z,8396.578148148148
2020-01-25T01:00:00Z,8318.275777777779
2020-01-25T02:00:00Z,8265.01877777778
2020-01-25T03:00:00Z,8239.978592592595
2020-01-25T04:00:00Z,8245.786777777777
2020-01-25T05:00:00Z,8266.078074074074
2020-01-25T06:00:00Z,8288.013296296296
2020-01-25T07:00:00Z,8299.659
2020-01-25T08:00:00Z,8317.576444444445
2020-01-25T09:00:00Z,8329.035666666668
2020-01-25T10:00:00Z,8331.59748148148
2020-01-25T11:00:00Z,8321.941111111111
2020-01-25T12:00:00Z,8301.661962962964
2020-01-25T13:00:00Z,8290.736629629631
2020-01-25T14:00:00Z,8288.301222222222
2020-01-25T15:00:00Z,8298.650888888887
2020-01-25T16:00:00Z,8316.944370370371
2020-01-25T17:00:00Z,8328.75437037037
2020-01-25T18:00:00Z,8334.263851851852
2020-01-25T19:00:00Z,8339.250592592593
2020-01-25T20:00:00Z,8345.783037037038
2020-01-25T21:00:00Z,8358.748333333333
2020-01-25T22:00:00Z,8360.978444444445
2020-01-25T23:00:00Z,8351.887925925928
2020-01-26T00:00:00Z,8330.895777777778
2020-01-26T01:00:00Z,8313.323666666665
2020-01-26T02:00:00Z,8300.083407407406
2020-01-26T03:00:00Z,8305.374296296293
2020-01-26T04:00:00Z,8320.42637037037
2020-01-26T05:00:00Z,8340.106592592594
2020-01-26T06:00:00Z,8349.663333333336
2020-01-26T07:00:00Z,8359.00388888889
2020-01-26T08:00:00Z,8374.104481481483
2020-01-26T09:00:00Z,8390.195962962964
2020-01-26T10:00:00Z,8410.358925925926
2020-01-26T11:00:00Z,8436.584851851852
2020-01-26T12:00:00Z,8453.768518518518
2020-01-26T13:00:00Z,8456.878740740742
2020-01-26T14:00:00Z,8452.199962962964
2020-01-26T15:00:00Z,8441.947
2020-01-26T16:00:00Z,8450.905407407408
2020-01-26T17:00:00Z,8491.186444444445
2020-01-26T18:00:00Z,8539.567370370372
2020-01-26T19:00:00Z,8573.415037037039
2020-01-26T20:00:00Z,8585.996888888889
2020-01-26T21:00:00Z,8591.32662962963
2020-01-26T22:00:00Z,8586.807962962963
2020-01-26T23:00:00Z,8589.766148148148
2020-01-27T00:00:00Z,8611.419259259259
2020-01-27T01:00:00Z,8635.789296296296
2020-01-27T02:00:00Z,8652.059407407409
2020-01-27T03:00:00Z,8659.569407407407
2020-01-27T04:00:00Z,8651.923814814814
2020-01-27T05:00:00Z,8642.34574074074
2020-01-27T06:00:00Z,8636.794111111109
2020-01-27T07:00:00Z,8635.136
2020-01-27T08:00:00Z,8619.799592592592
2020-01-27T09:00:00Z,8609.075703703702
2020-01-27T10:00:00Z,8602.157074074074
2020-01-27T11:00:00Z,8631.522074074075
2020-01-27T12:00:00Z,8679.741851851852
2020-01-27T13:00:00Z,8722.386555555555
2020-01-27T14:00:00Z,8751.624703703705
2020-01-27T15:00:00Z,8767.242703703703
2020-01-27T16:00:00Z,8777.383444444444
2020-01-27T17:00:00Z,8776.717814814814
2020-01-27T18:00:00Z,8806.236703703706
2020-01-27T19:00:00Z,8858.440629629631
2020-01-27T20:00:00Z,8928.891777777777
2020-01-27T21:00:00Z,8978.756555555554
2020-01-27T22:00:00Z,8980.74537037037
2020-01-27T23:00:00Z,8954.065925925928
2020-01-28T00:00:00Z,8969.7902962963
2020-01-28T01:00:00Z,9031.053111111112
2020-01-28T02:00:00Z,9101.40674074074
2020-01-28T03:00:00Z,9144.164111111111
2020-01-28T04:00:00Z,9133.263148148148
2020-01-28T05:00:00Z,9097.988407407407
2020-01-28T06:00:00Z,9049.924666666664
2020-01-28T07:00:00Z,9018.725555555553
2020-01-28T08:00:00Z,8992.685037037036
2020-01-28T09:00:00Z,8969.941333333334
2020-01-28T10:00:00Z,8965.530481481483
2020-01-28T11:00:00Z,8991.392925925926
2020-01-28T12:00:00Z,9021.998666666668
2020-01-28T13:00:00Z,9055.963259259259
2020-01-28T14:00:00Z,9063.8557037037
2020-01-28T15:00:00Z,9049.98885185185
2020-01-28T16:00:00Z,9011.126703703703
2020-01-28T17:00:00Z,8974.290814814814
2020-01-28T18:00:00Z,8956.064
2020-01-28T19:00:00Z,8959.561074074076
2020-01-28T20:00:00Z,8990.673851851854
2020-01-28T21:00:00Z,9024.164296296298
2020-01-28T22:00:00Z,9076.508333333335
2020-01-28T23:00:00Z,9202.53314814815
2020-01-29T00:00:00Z,9320.277185185187
2020-01-29T01:00:00Z,9401.907037037037
2020-01-29T02:00:00Z,9421.603074074075
2020-01-29T03:00:00Z,9403.817111111111
2020-01-29T04:00:00Z,9374.727481481481
2020-01-29T05:00:00Z,9358.662666666667
2020-01-29T06:00:00Z,9346.958592592593
2020-01-29T07:00:00Z,9348.04825925926
2020-01-29T08:00:00Z,9359.688222222221
2020-01-29T09:00:00Z,9357.168555555558
2020-01-29T10:00:00Z,9367.29562962963
2020-01-29T11:00:00Z,9348.657629629632
2020-01-29T12:00:00Z,9313.291925925927
2020-01-29T13:00:00Z,9288.91225925926
2020-01-29T14:00:00Z,9283.958629629631
2020-01-29T15:00:00Z,9282.013037037037
2020-01-29T16:00:00Z,9296.584037037037
2020-01-29T17:00:00Z,9313.106
2020-01-29T18:00:00Z,9335.294962962964
2020-01-29T19:00:00Z,9362.062259259259
2020-01-29T20:00:00Z,9379.903851851852
2020-01-29T21:00:00Z,9383.359518518519
2020-01-29T22:00:00Z,9366.877222222223
2020-01-29T23:00:00Z,9332.994222222222
2020-01-30T00:00:00Z,9288.537703703701
2020-01-30T01:00:00Z,9256.98922222222
2020-01-30T02:00:00Z,9232.878333333334
2020-01-30T03:00:00Z,9226.021111111113
2020-01-30T04:00:00Z,9246.355740740742
2020-01-30T05:00:00Z,9272.277185185187
2020-01-30T06:00:00Z,9296.658148148148
2020-01-30T07:00:00Z,9329.809740740742
2020-01-30T08:00:00Z,9352.626518518518
2020-01-30T09:00:00Z,9361.829296296295
2020-01-30T10:00:00Z,9351.113777777775
2020-01-30T11:00:00Z,9335.548555555553
2020-01-30T12:00:00Z,9334.879333333332
2020-01-30T13:00:00Z,9349.521185185185
2020-01-30T14:00:00Z,9357.539592592593
2020-01-30T15:00:00Z,9364.624333333333
2020-01-30T16:00:00Z,9360.97111111111
2020-01-30T18:00:00Z,9396.875333333335
2020-01-30T19:00:00Z,9452.091666666667
2020-01-30T20:00:00Z,9523.507703703703
2020-01-30T21:00:00Z,9578.330444444442
2020-01-30T22:00:00Z,9605.215777777777
2020-01-30T23:00:00Z,9590.575555555555
2020-01-31T00:00:00Z,9541.705259259259
2020-01-31T01:00:00Z,9491.932185185187
2020-01-31T02:00:00Z,9447.005851851853
2020-01-31T03:00:00Z,9418.502629629631
2020-01-31T04:00:00Z,9396.985074074075
2020-01-31T05:00:00Z,9362.584962962963
2020-01-31T06:00:00Z,9337.890037037037
2020-01-31T07:00:00Z,9322.693444444443
2020-01-31T08:00:00Z,9324.481592592592
2020-01-31T09:00:00Z,9327.203333333331
2020-01-31T10:00:00Z,9322.757925925924
2020-01-31T11:00:00Z,9312.403333333334
2020-01-31T12:00:00Z,9289.558703703702
2020-01-31T13:00:00Z,9263.713703703701
2020-01-31T14:00:00Z,9240.407259259255
2020-01-31T15:00:00Z,9248.648777777775
2020-01-31T16:00:00Z,9262.048592592591
2020-01-31T17:00:00Z,9270.675888888889
2020-01-31T18:00:00Z,9280.30925925926
2020-01-31T19:00:00Z,9285.316777777776
2020-01-31T20:00:00Z,9295.05188888889
2020-01-31T21:00:00Z,9318.562555555554
2020-01-31T22:00:00Z,9355.936370370371
2020-01-31T23:00:00Z,9374.198296296296
2020-02-01T00:00:00Z,9384.433370370369
2020-02-01T01:00:00Z,9399.089407407408
2020-02-01T02:00:00Z,9419.945666666667
2020-02-01T03:00:00Z,9435.825703703702
2020-02-01T04:00:00Z,9432.693703703704
2020-02-01T05:00:00Z,9412.879481481483
2020-02-01T06:00:00Z,9393.24911111111
2020-02-01T07:00:00Z,9390.916333333333
2020-02-01T08:00:00Z,9387.921814814812
2020-02-01T09:00:00Z,9385.753518518519
2020-02-01T10:00:00Z,9377.783111111112
2020-02-01T11:00:00Z,9360.962481481483
2020-02-01T12:00:00Z,9330.90548148148
2020-02-01T13:00:00Z,9312.971666666666
2020-02-01T14:00:00Z,9309.33
2020-02-01T15:00:00Z,9313.105481481482
2020-02-01T16:00:00Z,9337.470777777778
2020-02-01T17:00:00Z,9360.693407407409
2020-02-01T18:00:00Z,9380.437074074076
2020-02-01T19:00:00Z,9380.258666666668
2020-02-01T20:00:00Z,9373.914074074077
2020-02-01T21:00:00Z,9365.827370370373
2020-02-01T22:00:00Z,9363.491074074076
2020-02-01T23:00:00Z,9368.980851851853
2020-02-02T00:00:00Z,9356.13925925926
2020-02-02T01:00:00Z,9335.516814814813
2020-02-02T02:00:00Z,9297.046222222221
2020-02-02T03:00:00Z,9261.002777777778
2020-02-02T04:00:00Z,9254.875555555556
2020-02-02T05:00:00Z,9266.58525925926
2020-02-02T06:00:00Z,9301.061518518518
2020-02-02T07:00:00Z,9339.047037037037
2020-02-02T08:00:00Z,9365.379074074073
2020-02-02T09:00:00Z,9380.80240740741
2020-02-02T10:00:00Z,9397.973074074072
2020-02-02T11:00:00Z,9416.997962962965
2020-02-02T12:00:00Z,9432.601111111113
2020-02-02T13:00:00Z,9438.96511111111
2020-02-02T14:00:00Z,9444.256259259259
2020-02-02T15:00:00Z,9450.467185185184
2020-02-02T16:00:00Z,9449.579074074072
2020-02-02T17:00:00Z,9444.510296296296
2020-02-02T18:00:00Z,9441.513962962961
2020-02-02T19:00:00Z,9439.118888888888
2020-02-02T20:00:00Z,9438.001925925926
2020-02-02T21:00:00Z,9438.062000000004
2020-02-02T22:00:00Z,9420.637111111113
2020-02-02T23:00:00Z,9380.217703703705
2020-02-03T00:00:00Z,9358.20562962963
2020-02-03T01:00:00Z,9392.318555555556
2020-02-03T02:00:00Z,9411.271740740738
2020-02-03T03:00:00Z,9411.17885185185
2020-02-03T04:00:00Z,9392.07311111111
2020-02-03T05:00:00Z,9377.45062962963
2020-02-03T06:00:00Z,9374.721
2020-02-03T07:00:00Z,9368.409333333335
2020-02-03T08:00:00Z,9357.663814814818
2020-02-03T09:00:00Z,9337.415481481483
2020-02-03T10:00:00Z,9312.740148148148
2020-02-03T11:00:00Z,9301.144999999999
2020-02-03T12:00:00Z,9302.301148148146
2020-02-03T13:00:00Z,9304.44422222222
2020-02-03T14:00:00Z,9312.672925925925
2020-02-03T15:00:00Z,9298.411037037038
2020-02-03T16:00:00Z,9272.242592592593
2020-02-03T17:00:00Z,9255.548925925925
2020-02-03T18:00:00Z,9258.528777777776
2020-02-03T19:00:00Z,9277.78848148148
2020-02-03T20:00:00Z,9298.704740740739
2020-02-03T21:00:00Z,9302.422592592593
2020-02-03T22:00:00Z,9290.26477777778
2020-02-03T23:00:00Z,9278.176185185188
2020-02-04T00:00:00Z,9284.441037037039
2020-02-04T01:00:00Z,9285.82188888889
2020-02-04T02:00:00Z,9286.541000000001
2020-02-04T03:00:00Z,9279.178666666667
2020-02-04T04:00:00Z,9266.134925925924
2020-02-04T05:00:00Z,9259.418666666666
2020-02-04T06:00:00Z,9252.976444444446
2020-02-04T07:00:00Z,9251.85574074074
2020-02-04T08:00:00Z,9240.774555555554
2020-02-04T09:00:00Z,9206.813037037036
2020-02-04T10:00:00Z,9168.572740740741
2020-02-04T11:00:00Z,9142.312333333335
2020-02-04T12:00:00Z,9120.605407407407
2020-02-04T13:00:00Z,9113.049074074077
2020-02-04T14:00:00Z,9113.754592592593
2020-02-04T15:00:00Z,9135.087851851853
2020-02-04T16:00:00Z,9168.292592592594
2020-02-04T17:00:00Z,9197.780518518519
2020-02-04T18:00:00Z,9205.143074074074
2020-02-04T19:00:00Z,9191.32437037037
2020-02-04T20:00:00Z,9175.04325925926
2020-02-04T21:00:00Z,9154.035740740741
2020-02-04T22:00:00Z,9149.487333333333
2020-02-04T23:00:00Z,9152.147703703704
2020-02-05T00:00:00Z,9168.87548148148
2020-02-05T01:00:00Z,9177.404222222222
2020-02-05T02:00:00Z,9185.728962962965
2020-02-05T03:00:00Z,9195.713851851853
2020-02-05T04:00:00Z,9205.623814814815
2020-02-05T05:00:00Z,9225.208518518519
2020-02-05T06:00:00Z,9242.510370370372
2020-02-05T07:00:00Z,9255.16788888889
2020-02-05T08:00:00Z,9255.124296296297
2020-02-05T09:00:00Z,9248.771999999999
2020-02-05T10:00:00Z,9279.519333333334
2020-02-05T11:00:00Z,9339.167592592594
2020-02-05T12:00:00Z,9411.055222222221
2020-02-05T13:00:00Z,9462.929666666665
2020-02-05T14:00:00Z,9484.46677777778
2020-02-05T15:00:00Z,9495.039407407408
2020-02-05T16:00:00Z,9525.726999999999
2020-02-05T17:00:00Z,9563.097407407406
2020-02-05T18:00:00Z,9628.882481481482
2020-02-05T19:00:00Z,9681.190962962963
2020-02-05T20:00:00Z,9714.65951851852
2020-02-05T21:00:00Z,9727.538925925926
2020-02-05T22:00:00Z,9706.027333333333
2020-02-05T23:00:00Z,9668.452074074075
2020-02-06T00:00:00Z,9610.039481481483
2020-02-06T01:00:00Z,9582.42888888889
2020-02-06T02:00:00Z,9565.175296296296
2020-02-06T03:00:00Z,9576.277851851852
2020-02-06T04:00:00Z,9601.177333333335
2020-02-06T05:00:00Z,9624.529000000002
2020-02-06T06:00:00Z,9643.032481481481
2020-02-06T07:00:00Z,9644.637962962961
2020-02-06T08:00:00Z,9638.018629629629
2020-02-06T09:00:00Z,9633.896592592593
2020-02-06T10:00:00Z,9640.421222222221
2020-02-06T11:00:00Z,9660.406814814814
2020-02-06T12:00:00Z,9722.274074074072
2020-02-06T13:00:00Z,9770.081666666665
2020-02-06T14:00:00Z,9814.455333333333
2020-02-06T15:00:00Z,9829.968333333332
2020-02-06T16:00:00Z,9822.474629629629
2020-02-06T17:00:00Z,9801.464444444444
2020-02-06T18:00:00Z,9774.728000000001
2020-02-06T19:00:00Z,9749.81948148148
2020-02-06T20:00:00Z,9742.58762962963
2020-02-06T21:00:00Z,9740.187925925928
2020-02-06T22:00:00Z,9719.435185185184
2020-02-06T23:00:00Z,9717.473148148149
2020-02-07T00:00:00Z,9729.896444444445
2020-02-07T01:00:00Z,9759.994407407406
2020-02-07T02:00:00Z,9785.916703703704
2020-02-07T03:00:00Z,9791.390000000001
2020-02-07T04:00:00Z,9787.793851851855
2020-02-07T05:00:00Z,9771.386592592595
2020-02-07T06:00:00Z,9760.781222222222
2020-02-07T07:00:00Z,9759.474000000002
2020-02-07T08:00:00Z,9758.541
2020-02-07T09:00:00Z,9765.201000000001
2020-02-07T10:00:00Z,9781.250814814815
2020-02-07T11:00:00Z,9795.589148148149
2020-02-07T12:00:00Z,9788.156222222222
2020-02-07T13:00:00Z,9774.253740740742
2020-02-07T14:00:00Z,9774.291296296295
2020-02-07T15:00:00Z,9779.799037037035
2020-02-07T16:00:00Z,9785.447444444442
2020-02-07T17:00:00Z,9781.499703703703
2020-02-07T18:00:00Z,9776.567592592592
2020-02-07T19:00:00Z,9770.015185185186
2020-02-07T20:00:00Z,9754.629814814818
2020-02-07T21:00:00Z,9741.153074074076
2020-02-07T22:00:00Z,9749.061592592592
2020-02-07T23:00:00Z,9773.773777777778
2020-02-08T00:00:00Z,9790.83951851852
2020-02-08T01:00:00Z,9792.97637037037
2020-02-08T02:00:00Z,9768.044185185187
2020-02-08T03:00:00Z,9734.459962962963
2020-02-08T04:00:00Z,9718.70077777778
2020-02-08T05:00:00Z,9722.59751851852
2020-02-08T06:00:00Z,9738.344962962963
2020-02-08T07:00:00Z,9752.146703703704
2020-02-08T08:00:00Z,9772.874592592592
2020-02-08T09:00:00Z,9791.716481481484
2020-02-08T10:00:00Z,9807.898777777778
2020-02-08T11:00:00Z,9819.561814814815
2020-02-08T12:00:00Z,9824.691407407408
2020-02-08T13:00:00Z,9820.190074074077
2020-02-08T14:00:00Z,9828.095518518518
2020-02-08T15:00:00Z,9837.193148148146
2020-02-08T16:00:00Z,9854.728407407407
2020-02-08T17:00:00Z,9871.522370370372
2020-02-08T18:00:00Z,9874.820629629632
2020-02-08T19:00:00Z,9874.619481481483
2020-02-08T20:00:00Z,9871.132814814817
2020-02-08T21:00:00Z,9886.919851851853
2020-02-08T22:00:00Z,9910.954555555556
2020-02-08T23:00:00Z,9926.224037037036
2020-02-09T00:00:00Z,9941.875481481482
2020-02-09T01:00:00Z,9954.791111111112
2020-02-09T02:00:00Z,9970.930333333336
2020-02-09T03:00:00Z,10006.67814814815
2020-02-09T04:00:00Z,10056.116185185185
2020-02-09T05:00:00Z,10105.785518518516
2020-02-09T06:00:00Z,10138.179148148149
2020-02-09T07:00:00Z,10156.137592592591
2020-02-09T08:00:00Z,10153.657888888889
2020-02-09T09:00:00Z,10132.129481481481
2020-02-09T10:00:00Z,10120.79777777778
2020-02-09T11:00:00Z,10111.680666666667
2020-02-09T12:00:00Z,10117.810962962963
2020-02-09T13:00:00Z,10119.97388888889
2020-02-09T14:00:00Z,10112.918703703703
2020-02-09T15:00:00Z,10105.975629629627
2020-02-09T16:00:00Z,10102.516037037036
2020-02-09T17:00:00Z,10101.343148148148
2020-02-09T18:00:00Z,10092.997333333335
2020-02-09T19:00:00Z,10081.624037037038
2020-02-09T20:00:00Z,10066.750481481482
2020-02-09T21:00:00Z,10061.550037037037
2020-02-09T22:00:00Z,10076.434740740742
2020-02-09T23:00:00Z,10114.23425925926
2020-02-10T00:00:00Z,10162.350814814816
2020-02-10T01:00:00Z,10185.346
2020-02-10T02:00:00Z,10176.240037037038
2020-02-10T03:00:00Z,10139.839333333335
2020-02-10T04:00:00Z,10092.085185185186
2020-02-10T05:00:00Z,9987.403185185185
2020-02-10T06:00:00Z,9914.111555555557
2020-02-10T07:00:00Z,9888.69625925926
2020-02-10T08:00:00Z,9886.044592592594
2020-02-10T09:00:00Z,9863.948925925926
2020-02-10T10:00:00Z,9832.776
2020-02-10T11:00:00Z,9798.798777777776
2020-02-10T12:00:00Z,9788.237074074072
2020-02-10T13:00:00Z,9789.889666666666
2020-02-10T14:00:00Z,9814.657185185186
2020-02-10T15:00:00Z,9843.526555555558
2020-02-10T16:00:00Z,9854.089370370371
2020-02-10T17:00:00Z,9853.53077777778
2020-02-10T18:00:00Z,9843.820333333335
2020-02-10T19:00:00Z,9832.886296296298
2020-02-10T20:00:00Z,9831.658407407407
2020-02-10T21:00:00Z,9842.047296296298
2020-02-10T22:00:00Z,9847.824703703705
2020-02-10T23:00:00Z,9852.395333333334
2020-02-11T00:00:00Z,9829.417629629632
2020-02-11T01:00:00Z,9806.469444444445
2020-02-11T02:00:00Z,9775.787666666665
2020-02-11T03:00:00Z,9742.832925925924
2020-02-11T04:00:00Z,9722.586185185186
2020-02-11T05:00:00Z,9718.324666666666
2020-02-11T06:00:00Z,9730.550481481483
2020-02-11T07:00:00Z,9738.845074074075
2020-02-11T08:00:00Z,9754.826962962963
2020-02-11T09:00:00Z,9767.251444444444
2020-02-11T10:00:00Z,9779.426999999998
2020-02-11T11:00:00Z,9793.66574074074
2020-02-11T12:00:00Z,9821.081037037036
2020-02-11T13:00:00Z,9855.856148148147
2020-02-11T14:00:00Z,9879.204111111112
2020-02-11T15:00:00Z,9993.84574074074
2020-02-11T16:00:00Z,10150.99814814815
2020-02-11T17:00:00Z,10303.671925925926
2020-02-11T18:00:00Z,10380.416666666666
2020-02-11T19:00:00Z,10390.85074074074
2020-02-11T20:00:00Z,10361.185185185184
2020-02-11T21:00:00Z,10315.901851851851
2020-02-11T22:00:00Z,10274.288703703702
2020-02-11T23:00:00Z,10253.420666666665
2020-02-12T00:00:00Z,10278.06525925926
2020-02-12T01:00:00Z,10316.229888888889
2020-02-12T02:00:00Z,10336.620333333334
2020-02-12T03:00:00Z,10334.928814814815
2020-02-12T04:00:00Z,10321.377518518519
2020-02-12T05:00:00Z,10326.825185185186
2020-02-12T06:00:00Z,10343.847518518518
2020-02-12T07:00:00Z,10373.141185185186
2020-02-12T08:00:00Z,10370.142555555556
2020-02-12T09:00:00Z,10339.085925925925
2020-02-12T10:00:00Z,10312.937444444446
2020-02-12T11:00:00Z,10313.79403703704
2020-02-12T12:00:00Z,10333.348592592594
2020-02-12T13:00:00Z,10368.165444444445
2020-02-12T14:00:00Z,10390.140592592592
2020-02-12T15:00:00Z,10387.491851851852
2020-02-12T16:00:00Z,10378.798592592595
2020-02-12T17:00:00Z,10370.605333333333
2020-02-12T18:00:00Z,10364.05425925926
2020-02-12T19:00:00Z,10351.58137037037
2020-02-12T20:00:00Z,10356.60474074074
2020-02-12T21:00:00Z,10371.222814814815
2020-02-12T22:00:00Z,10379.156259259262
2020-02-12T23:00:00Z,10374.750185185187
2020-02-13T00:00:00Z,10375.802259259259
2020-02-13T01:00:00Z,10390.990296296297
2020-02-13T02:00:00Z,10414.609962962966
2020-02-13T03:00:00Z,10428.62851851852
2020-02-13T04:00:00Z,10431.67451851852
2020-02-13T05:00:00Z,10437.813
2020-02-13T06:00:00Z,10454.801666666666
2020-02-13T07:00:00Z,10440.127962962964
2020-02-13T08:00:00Z,10378.179222222225
2020-02-13T09:00:00Z,10273.070555555556
2020-02-13T10:00:00Z,10173.870333333334
2020-02-13T11:00:00Z,10109.886407407408
2020-02-13T12:00:00Z,10105.019037037038
2020-02-13T13:00:00Z,10126.345814814815
2020-02-13T14:00:00Z,10175.076444444445
2020-02-13T15:00:00Z,10225.148296296296
2020-02-13T16:00:00Z,10233.153333333334
2020-02-13T17:00:00Z,10219.877
2020-02-13T18:00:00Z,10199.00062962963
2020-02-13T19:00:00Z,10203.619518518519
2020-02-13T20:00:00Z,10217.037000000002
2020-02-13T21:00:00Z,10216.185666666668
2020-02-13T22:00:00Z,10211.853962962965
2020-02-13T23:00:00Z,10214.187777777777
2020-02-14T00:00:00Z,10223.186296296297
2020-02-14T01:00:00Z,10233.872148148148
2020-02-14T02:00:00Z,10248.970925925927
2020-02-14T03:00:00Z,10261.45174074074
2020-02-14T04:00:00Z,10258.079777777779
2020-02-14T05:00:00Z,10225.414518518517
2020-02-14T06:00:00Z,10191.959444444445
2020-02-14T07:00:00Z,10147.123925925926
2020-02-14T08:00:00Z,10121.369592592591
2020-02-14T09:00:00Z,10129.878333333332
2020-02-14T10:00:00Z,10172.584037037037
2020-02-14T11:00:00Z,10228.669407407408
2020-02-14T12:00:00Z,10270.24451851852
2020-02-14T13:00:00Z,10284.59485185185
2020-02-14T14:00:00Z,10275.264074074074
2020-02-14T15:00:00Z,10264.727185185182
2020-02-14T16:00:00Z,10268.775518518516
2020-02-14T17:00:00Z,10282.637074074073
2020-02-14T18:00:00Z,10321.952444444445
2020-02-14T19:00:00Z,10359.329444444445
2020-02-14T20:00:00Z,10386.886555555559
2020-02-14T21:00:00Z,10390.706296296297
2020-02-14T22:00:00Z,10385.795592592594
2020-02-14T23:00:00Z,10379.939481481482
2020-02-15T00:00:00Z,10371.382555555554
2020-02-15T01:00:00Z,10336.04088888889
2020-02-15T02:00:00Z,10287.790740740742
2020-02-15T03:00:00Z,10255.180037037038
2020-02-15T04:00:00Z,10244.453925925925
2020-02-15T05:00:00Z,10237.984814814814
2020-02-15T06:00:00Z,10235.853000000001
2020-02-15T07:00:00Z,10230.416740740739
2020-02-15T08:00:00Z,10233.804037037036
2020-02-15T09:00:00Z,10245.73114814815
2020-02-15T10:00:00Z,10252.254333333336
2020-02-15T11:00:00Z,10249.239370370373
2020-02-15T12:00:00Z,10242.782925925927
2020-02-15T13:00:00Z,10234.13874074074
2020-02-15T14:00:00Z,10230.884148148149
2020-02-15T15:00:00Z,10153.077555555556
2020-02-15T16:00:00Z,10024.150333333333
2020-02-15T17:00:00Z,9880.58374074074
2020-02-15T18:00:00Z,9801.830444444442
2020-02-15T19:00:00Z,9788.220592592592
2020-02-15T20:00:00Z,9814.085814814815
2020-02-15T21:00:00Z,9857.447555555556
2020-02-15T22:00:00Z,9896.338222222223
2020-02-15T23:00:00Z,9919.076851851853
2020-02-16T00:00:00Z,9931.027444444444
2020-02-16T01:00:00Z,9935.019
2020-02-16T02:00:00Z,9968.703
2020-02-16T03:00:00Z,10003.83111111111
2020-02-16T04:00:00Z,10033.323333333334
2020-02-16T05:00:00Z,10026.170185185183
2020-02-16T06:00:00Z,10003.648518518517
2020-02-16T07:00:00Z,9979.85351851852
2020-02-16T08:00:00Z,9972.68877777778
2020-02-16T09:00:00Z,9973.213074074074
2020-02-16T10:00:00Z,9965.500185185185
2020-02-16T11:00:00Z,9947.234925925926
2020-02-16T12:00:00Z,9926.671814814816
2020-02-16T13:00:00Z,9919.65388888889
2020-02-16T14:00:00Z,9911.449296296298
2020-02-16T15:00:00Z,9895.08425925926
2020-02-16T16:00:00Z,9831.267037037038
2020-02-16T17:00:00Z,9766.58811111111
2020-02-16T18:00:00Z,9737.059185185184
2020-02-16T19:00:00Z,9729.995296296294
2020-02-16T20:00:00Z,9743.637851851852
2020-02-16T21:00:00Z,9754.472962962964
2020-02-16T22:00:00Z,9794.322666666667
2020-02-16T23:00:00Z,9855.799222222222
2020-02-17T00:00:00Z,9899.003925925925
2020-02-17T01:00:00Z,9912.206333333334
2020-02-17T02:00:00Z,9895.242370370372
2020-02-17T03:00:00Z,9863.257703703703
2020-02-17T04:00:00Z,9815.044037037036
2020-02-17T05:00:00Z,9775.134222222221
2020-02-17T06:00:00Z,9754.939037037037
2020-02-17T07:00:00Z,9746.994407407406
2020-02-17T08:00:00Z,9763.338148148147
2020-02-17T09:00:00Z,9783.872703703702
2020-02-17T10:00:00Z,9778.197814814814
2020-02-17T11:00:00Z,9727.42462962963
2020-02-17T12:00:00Z,9668.899666666668
2020-02-17T13:00:00Z,9596.087074074074
2020-02-17T14:00:00Z,9556.38288888889
2020-02-17T15:00:00Z,9562.976148148147
2020-02-17T16:00:00Z,9605.719740740742
2020-02-17T17:00:00Z,9646.379851851852
2020-02-17T18:00:00Z,9671.235629629631
2020-02-17T19:00:00Z,9683.97714814815
2020-02-17T20:00:00Z,9674.380962962963
2020-02-17T21:00:00Z,9660.805888888892
2020-02-17T22:00:00Z,9643.312148148148
2020-02-17T23:00:00Z,9650.907740740739
2020-02-18T00:00:00Z,9662.827333333333
2020-02-18T01:00:00Z,9690.665666666666
2020-02-18T02:00:00Z,9715.672074074075
2020-02-18T03:00:00Z,9735.546962962964
2020-02-18T04:00:00Z,9769.689185185185
2020-02-18T05:00:00Z,9799.417555555556
2020-02-18T06:00:00Z,9815.670407407408
2020-02-18T07:00:00Z,9822.361185185184
2020-02-18T08:00:00Z,9807.649666666666
2020-02-18T09:00:00Z,9768.93025925926
2020-02-18T10:00:00Z,9738.422555555559
2020-02-18T11:00:00Z,9716.537592592596
2020-02-18T12:00:00Z,9695.949629629631
2020-02-18T13:00:00Z,9670.05511111111
2020-02-18T14:00:00Z,9664.923703703702
2020-02-18T15:00:00Z,9721.159259259259
2020-02-18T16:00:00Z,9827.271333333332
2020-02-18T17:00:00Z,9940.098481481482
2020-02-18T18:00:00Z,10023.385888888888
2020-02-18T19:00:00Z,10082.280481481479
2020-02-18T20:00:00Z,10146.98325925926
2020-02-18T21:00:00Z,10200.352888888889
2020-02-18T22:00:00Z,10236.853222222222
2020-02-18T23:00:00Z,10246.811481481482
2020-02-19T00:00:00Z,10220.552444444445
2020-02-19T01:00:00Z,10184.740222222223
2020-02-19T02:00:00Z,10163.772370370369
2020-02-19T03:00:00Z,10159.164111111111
2020-02-19T04:00:00Z,10153.502851851854
2020-02-19T05:00:00Z,10146.27351851852
2020-02-19T06:00:00Z,10123.945962962964
2020-02-19T07:00:00Z,10094.71122222222
2020-02-19T08:00:00Z,10101.47074074074
2020-02-19T09:00:00Z,10117.78551851852
2020-02-19T10:00:00Z,10139.657962962963
2020-02-19T11:00:00Z,10179.500666666667
2020-02-19T12:00:00Z,10185.027481481482
2020-02-19T13:00:00Z,10173.141037037038
2020-02-19T14:00:00Z,10151.409851851853
2020-02-19T15:00:00Z,10134.142962962964
2020-02-19T16:00:00Z,10144.172925925925
2020-02-19T17:00:00Z,10165.960814814815
2020-02-19T18:00:00Z,10194.528333333334
2020-02-19T19:00:00Z,10201.946333333333
2020-02-19T20:00:00Z,10194.021666666667
2020-02-19T21:00:00Z,10016.769444444442
2020-02-19T22:00:00Z,9805.015592592592
2020-02-19T23:00:00Z,9604.444592592592
2020-02-20T00:00:00Z,9496.990111111112
2020-02-20T01:00:00Z,9475.427814814815
2020-02-20T02:00:00Z,9490.629777777776
2020-02-20T03:00:00Z,9513.278851851852
2020-02-20T04:00:00Z,9531.35037037037
2020-02-20T05:00:00Z,9544.08314814815
2020-02-20T06:00:00Z,9565.696777777777
2020-02-20T07:00:00Z,9584.189148148149
2020-02-20T08:00:00Z,9592.967185185184
2020-02-20T09:00:00Z,9599.024888888887
2020-02-20T10:00:00Z,9602.137481481483
2020-02-20T11:00:00Z,9594.847666666668
2020-02-20T12:00:00Z,9581.263592592592
2020-02-20T13:00:00Z,9576.944370370367
2020-02-20T14:00:00Z,9583.757814814815
2020-02-20T15:00:00Z,9588.804074074074
2020-02-20T16:00:00Z,9608.860592592593
2020-02-20T17:00:00Z,9589.847481481482
2020-02-20T18:00:00Z,9561.522037037035
2020-02-20T19:00:00Z,9540.30574074074
2020-02-20T20:00:00Z,9543.20337037037
2020-02-20T21:00:00Z,9569.171074074073
2020-02-20T22:00:00Z,9601.941518518517
2020-02-20T23:00:00Z,9623.100888888888
2020-02-21T00:00:00Z,9628.028259259258
2020-02-21T01:00:00Z,9637.879185185184
2020-02-21T02:00:00Z,9650.724629629629
2020-02-21T03:00:00Z,9680.828888888887
2020-02-21T04:00:00Z,9707.70162962963
2020-02-21T05:00:00Z,9720.415740740742
2020-02-21T06:00:00Z,9716.108666666667
2020-02-21T07:00:00Z,9704.925296296296
2020-02-21T08:00:00Z,9683.259666666667
2020-02-21T09:00:00Z,9668.932037037039
2020-02-21T10:00:00Z,9668.592444444444
2020-02-21T11:00:00Z,9682.353814814815
2020-02-21T12:00:00Z,9716.326444444443
2020-02-21T13:00:00Z,9745.97477777778
2020-02-21T14:00:00Z,9746.522370370369
2020-02-21T15:00:00Z,9742.63577777778
2020-02-21T16:00:00Z,9738.178222222225
2020-02-21T17:00:00Z,9734.69411111111
2020-02-21T18:00:00Z,9728.810074074072
2020-02-21T19:00:00Z,9714.565592592591
2020-02-21T20:00:00Z,9705.340148148147
2020-02-21T21:00:00Z,9691.360407407408
2020-02-21T22:00:00Z,9679.271148148151
2020-02-21T23:00:00Z,9675.802037037036
2020-02-22T00:00:00Z,9682.504777777778
2020-02-22T01:00:00Z,9683.764814814815
2020-02-22T02:00:00Z,9676.726481481479
2020-02-22T03:00:00Z,9669.719851851849
2020-02-22T04:00:00Z,9654.00011111111
2020-02-22T05:00:00Z,9637.626925925926
2020-02-22T06:00:00Z,9619.353407407407
2020-02-22T07:00:00Z,9604.700111111111
2020-02-22T08:00:00Z,9609.009444444446
2020-02-22T09:00:00Z,9618.640962962965
2020-02-22T10:00:00Z,9631.550259259258
2020-02-22T11:00:00Z,9644.16151851852
2020-02-22T12:00:00Z,9655.92925925926
2020-02-22T13:00:00Z,9667.502962962963
2020-02-22T14:00:00Z,9672.921
2020-02-22T15:00:00Z,9667.477555555555
2020-02-22T16:00:00Z,9660.713518518516
2020-02-22T17:00:00Z,9659.426296296295
2020-02-22T18:00:00Z,9666.546518518518
2020-02-22T19:00:00Z,9679.46288888889
2020-02-22T20:00:00Z,9693.71651851852
2020-02-22T21:00:00Z,9702.871111111112
2020-02-22T22:00:00Z,9702.143037037036
2020-02-22T23:00:00Z,9691.058407407405
2020-02-23T00:00:00Z,9684.933777777776
2020-02-23T01:00:00Z,9681.061481481482
2020-02-23T02:00:00Z,9686.301999999998
2020-02-23T03:00:00Z,9726.589962962962
2020-02-23T04:00:00Z,9798.316074074073
2020-02-23T05:00:00Z,9876.349
2020-02-23T06:00:00Z,9937.416703703704
2020-02-23T07:00:00Z,9964.673074074075
2020-02-23T08:00:00Z,9963.425555555557
2020-02-23T09:00:00Z,9949.903962962964
2020-02-23T10:00:00Z,9923.222444444446
2020-02-23T11:00:00Z,9891.754
2020-02-23T12:00:00Z,9868.488370370369
2020-02-23T13:00:00Z,9864.058814814814
2020-02-23T14:00:00Z,9883.108518518518
2020-02-23T15:00:00Z,9899.43588888889
2020-02-23T16:00:00Z,9908.57948148148
2020-02-23T17:00:00Z,9908.77137037037
2020-02-23T18:00:00Z,9906.837629629628
2020-02-23T19:00:00Z,9906.16762962963
2020-02-23T20:00:00Z,9901.627407407408
2020-02-23T21:00:00Z,9894.035740740743
2020-02-23T22:00:00Z,9901.66151851852
2020-02-23T23:00:00Z,9926.630074074073
2020-02-24T00:00:00Z,9958.644444444442
2020-02-24T01:00:00Z,9963.312555555556
2020-02-24T02:00:00Z,9900.952222222222
2020-02-24T03:00:00Z,9818.996592592592
2020-02-24T04:00:00Z,9751.36288888889
2020-02-24T05:00:00Z,9722.426555555556
2020-02-24T06:00:00Z,9714.215259259263
2020-02-24T07:00:00Z,9719.146296296296
2020-02-24T08:00:00Z,9731.486370370372
2020-02-24T09:00:00Z,9732.453111111112
2020-02-24T10:00:00Z,9737.48959259259
2020-02-24T11:00:00Z,9761.824407407406
2020-02-24T12:00:00Z,9788.993814814814
2020-02-24T13:00:00Z,9795.282
2020-02-24T14:00:00Z,9778.559148148148
2020-02-24T15:00:00Z,9744.221777777779
2020-02-24T16:00:00Z,9696.522962962965
2020-02-24T17:00:00Z,9639.897814814816
2020-02-24T18:00:00Z,9586.859333333336
2020-02-24T19:00:00Z,9556.266888888893
2020-02-24T20:00:00Z,9549.566518518519
2020-02-24T21:00:00Z,9562.583333333332
2020-02-24T22:00:00Z,9591.325370370369
2020-02-24T23:00:00Z,9626.492925925928
2020-02-25T00:00:00Z,9643.206
2020-02-25T01:00:00Z,9633.82962962963
2020-02-25T02:00:00Z,9617.116703703701
2020-02-25T03:00:00Z,9596.373
2020-02-25T04:00:00Z,9579.405222222224
2020-02-25T05:00:00Z,9562.561444444444
2020-02-25T06:00:00Z,9546.413444444444
2020-02-25T07:00:00Z,9528.465555555556
2020-02-25T08:00:00Z,9524.34388888889
2020-02-25T09:00:00Z,9534.801259259262
2020-02-25T10:00:00Z,9548.920925925928
2020-02-25T11:00:00Z,9581.415222222224
2020-02-25T12:00:00Z,9611.358185185185
2020-02-25T13:00:00Z,9618.946518518518
2020-02-25T14:00:00Z,9555.186851851851
2020-02-25T15:00:00Z,9458.069074074074
2020-02-25T16:00:00Z,9348.656703703702
2020-02-25T17:00:00Z,9278.301925925927
2020-02-25T18:00:00Z,9269.322592592594
2020-02-25T19:00:00Z,9288.167407407405
2020-02-25T20:00:00Z,9306.56262962963
2020-02-25T21:00:00Z,9331.01885185185
2020-02-25T22:00:00Z,9357.673185185182
2020-02-25T23:00:00Z,9356.976925925925
2020-02-26T00:00:00Z,9338.214629629629
2020-02-26T01:00:00Z,9278.72262962963
2020-02-26T02:00:00Z,9215.702333333335
2020-02-26T03:00:00Z,9158.851407407406
2020-02-26T04:00:00Z,9128.138259259258
2020-02-26T05:00:00Z,9128.94262962963
2020-02-26T06:00:00Z,9152.536222222223
2020-02-26T07:00:00Z,9161.297074074077
2020-02-26T08:00:00Z,9167.331
2020-02-26T09:00:00Z,9147.655481481483
2020-02-26T10:00:00Z,9137.793333333333
2020-02-26T11:00:00Z,9133.226814814814
2020-02-26T12:00:00Z,9172.026814814813
2020-02-26T13:00:00Z,9167.480518518518
2020-02-26T14:00:00Z,9120.510037037038
2020-02-26T15:00:00Z,9042.091333333334
2020-02-26T16:00:00Z,8896.562962962964
2020-02-26T17:00:00Z,8754.775666666666
2020-02-26T18:00:00Z,8685.667111111112
2020-02-26T19:00:00Z,8690.381185185186
2020-02-26T20:00:00Z,8730.518444444444
2020-02-26T21:00:00Z,8752.072666666667
2020-02-26T22:00:00Z,8760.295185185185
2020-02-26T23:00:00Z,8762.242962962962
2020-02-27T00:00:00Z,8725.54537037037
2020-02-27T01:00:00Z,8687.69451851852
2020-02-27T02:00:00Z,8660.948555555558
2020-02-27T03:00:00Z,8669.273740740744
2020-02-27T04:00:00Z,8691.121740740742
2020-02-27T05:00:00Z,8723.839555555556
2020-02-27T06:00:00Z,8765.479259259258
2020-02-27T07:00:00Z,8803.957555555555
2020-02-27T08:00:00Z,8823.333555555555
2020-02-27T09:00:00Z,8808.520592592593
2020-02-27T10:00:00Z,8798.620592592591
2020-02-27T11:00:00Z,8795.65588888889
2020-02-27T12:00:00Z,8794.111370370372
2020-02-27T13:00:00Z,8804.832814814816
2020-02-27T14:00:00Z,8826.90237037037
2020-02-27T15:00:00Z,8849.29548148148
2020-02-27T16:00:00Z,8890.774851851851
2020-02-27T17:00:00Z,8924.420925925926
2020-02-27T18:00:00Z,8936.464074074072
2020-02-27T19:00:00Z,8934.89562962963
2020-02-27T20:00:00Z,8917.722740740743
2020-02-27T21:00:00Z,8861.037962962962
2020-02-27T22:00:00Z,8803.770925925926
2020-02-27T23:00:00Z,8770.816111111113
2020-02-28T00:00:00Z,8780.89925925926
2020-02-28T01:00:00Z,8826.14551851852
2020-02-28T02:00:00Z,8867.838185185186
2020-02-28T03:00:00Z,8880.950370370372
2020-02-28T04:00:00Z,8867.634518518518
2020-02-28T05:00:00Z,8832.552703703703
2020-02-28T06:00:00Z,8796.071962962964
2020-02-28T07:00:00Z,8755.225296296296
2020-02-28T08:00:00Z,8716.988703703704
2020-02-28T09:00:00Z,8659.203518518518
2020-02-28T10:00:00Z,8599.384
2020-02-28T11:00:00Z,8552.330481481482
2020-02-28T12:00:00Z,8511.179037037036
2020-02-28T13:00:00Z,8530.093481481483
2020-02-28T14:00:00Z,8579.308555555557
2020-02-28T15:00:00Z,8649.88877777778
2020-02-28T16:00:00Z,8685.379222222222
2020-02-28T17:00:00Z,8664.915296296296
2020-02-28T18:00:00Z,8608.432037037037
2020-02-28T19:00:00Z,8560.156518518519
2020-02-28T20:00:00Z,8552.207518518519
2020-02-28T21:00:00Z,8587.774185185182
2020-02-28T22:00:00Z,8675.563555555555
2020-02-28T23:00:00Z,8739.599851851852
2020-02-29T00:00:00Z,8774.439037037037
2020-02-29T01:00:00Z,8763.641407407407
2020-02-29T02:00:00Z,8742.224222222221
2020-02-29T03:00:00Z,8729.890148148146
2020-02-29T04:00:00Z,8736.772518518517
2020-02-29T05:00:00Z,8758.508814814815
2020-02-29T06:00:00Z,8764.692074074073
2020-02-29T07:00:00Z,8769.163444444444
2020-02-29T08:00:00Z,8767.912592592593
2020-02-29T09:00:00Z,8748.989851851853
2020-02-29T10:00:00Z,8706.998444444447
2020-02-29T11:00:00Z,8679.557481481483
2020-02-29T12:00:00Z,8661.763925925927
2020-02-29T13:00:00Z,8650.104592592592
2020-02-29T14:00:00Z,8637.35311111111
2020-02-29T15:00:00Z,8633.224407407406
2020-02-29T16:00:00Z,8624.082555555555
2020-02-29T17:00:00Z,8630.336592592592
2020-02-29T18:00:00Z,8645.974814814816
2020-02-29T19:00:00Z,8663.927777777777
2020-02-29T20:00:00Z,8672.971407407407
2020-02-29T21:00:00Z,8664.417481481481
2020-02-29T22:00:00Z,8649.130444444443
2020-02-29T23:00:00Z,8602.151259259259
2020-03-01T00:00:00Z,8554.613851851851
2020-03-01T01:00:00Z,8549.803814814813
2020-03-01T02:00:00Z,8574.186444444444
2020-03-01T03:00:00Z,8604.920407407406
2020-03-01T04:00:00Z,8611.921111111109
2020-03-01T05:00:00Z,8602.735888888888
2020-03-01T06:00:00Z,8578.26037037037
2020-03-01T07:00:00Z,8552.121777777777
2020-03-01T08:00:00Z,8529.612888888887
2020-03-01T09:00:00Z,8518.439814814814
2020-03-01T10:00:00Z,8528.142518518516
2020-03-01T11:00:00Z,8570.640814814813
2020-03-01T12:00:00Z,8598.600592592593
2020-03-01T13:00:00Z,8617.910777777777
2020-03-01T14:00:00Z,8609.051777777779
2020-03-01T15:00:00Z,8584.48662962963
2020-03-01T16:00:00Z,8550.100407407408
2020-03-01T17:00:00Z,8512.519962962962
2020-03-01T18:00:00Z,8469.763777777776
2020-03-01T19:00:00Z,8462.479111111112
2020-03-01T20:00:00Z,8465.21888888889
2020-03-01T21:00:00Z,8483.100888888888
2020-03-01T22:00:00Z,8511.319555555556
2020-03-01T23:00:00Z,8529.129296296298
2020-03-02T00:00:00Z,8544.277370370372
2020-03-02T01:00:00Z,8553.790074074075
2020-03-02T02:00:00Z,8580.041481481481
2020-03-02T03:00:00Z,8604.81111111111
2020-03-02T04:00:00Z,8633.698777777778
2020-03-02T05:00:00Z,8657.713222222223
2020-03-02T06:00:00Z,8661.850777777776
2020-03-02T07:00:00Z,8653.421703703703
2020-03-02T08:00:00Z,8650.400777777779
2020-03-02T09:00:00Z,8663.99162962963
2020-03-02T10:00:00Z,8694.131296296297
2020-03-02T11:00:00Z,8733.836740740742
2020-03-02T12:00:00Z,8764.88840740741
2020-03-02T13:00:00Z,8803.765000000001
2020-03-02T14:00:00Z,8831.109333333332
2020-03-02T15:00:00Z,8849.62844444444
2020-03-02T16:00:00Z,8866.871962962961
2020-03-02T17:00:00Z,8880.542814814813
2020-03-02T18:00:00Z,8889.159037037038
2020-03-02T19:00:00Z,8897.099
2020-03-02T20:00:00Z,8902.612481481483
2020-03-02T21:00:00Z,8920.539222222224
2020-03-02T22:00:00Z,8934.101814814816
2020-03-02T23:00:00Z,8938.331666666667
2020-03-03T00:00:00Z,8914.178333333335
2020-03-03T01:00:00Z,8872.88374074074
2020-03-03T02:00:00Z,8847.976925925926
2020-03-03T03:00:00Z,8844.797444444446
2020-03-03T04:00:00Z,8848.131925925927
2020-03-03T05:00:00Z,8852.014666666668
2020-03-03T06:00:00Z,8831.292296296297
2020-03-03T07:00:00Z,8794.241999999998
2020-03-03T08:00:00Z,8766.226555555553
2020-03-03T09:00:00Z,8768.249
2020-03-03T10:00:00Z,8794.330888888888
2020-03-03T11:00:00Z,8836.658888888887
2020-03-03T12:00:00Z,8849.87074074074
2020-03-03T13:00:00Z,8842.19685185185
2020-03-03T14:00:00Z,8804.670555555556
2020-03-03T15:00:00Z,8767.015296296298
2020-03-03T16:00:00Z,8725.750592592594
2020-03-03T17:00:00Z,8700.301925925927
2020-03-03T18:00:00Z,8690.668148148148
2020-03-03T19:00:00Z,8691.388814814814
2020-03-03T20:00:00Z,8696.33511111111
2020-03-03T21:00:00Z,8708.373185185184
2020-03-03T22:00:00Z,8735.775703703704
2020-03-03T23:00:00Z,8758.994777777778
2020-03-04T00:00:00Z,8778.159074074074
2020-03-04T01:00:00Z,8792.660851851853
2020-03-04T02:00:00Z,8806.054333333333
2020-03-04T03:00:00Z,8810.723296296293
2020-03-04T04:00:00Z,8819.728074074073
2020-03-04T05:00:00Z,8832.413740740738
2020-03-04T06:00:00Z,8829.499999999998
2020-03-04T07:00:00Z,8825.082185185185
2020-03-04T08:00:00Z,8821.00462962963
2020-03-04T09:00:00Z,8800.471851851851
2020-03-04T10:00:00Z,8769.559037037036
2020-03-04T11:00:00Z,8734.277296296297
2020-03-04T12:00:00Z,8712.46688888889
2020-03-04T13:00:00Z,8716.254925925929
2020-03-04T14:00:00Z,8724.552518518522
2020-03-04T15:00:00Z,8723.31477777778
2020-03-04T16:00:00Z,8716.95777777778
2020-03-04T17:00:00Z,8714.837703703704
2020-03-04T18:00:00Z,8717.135592592593
2020-03-04T19:00:00Z,8727.490296296295
2020-03-04T20:00:00Z,8727.657740740739
2020-03-04T21:00:00Z,8728.368518518517
2020-03-04T22:00:00Z,8734.026888888888
2020-03-04T23:00:00Z,8746.23011111111
2020-03-05T00:00:00Z,8793.05425925926
2020-03-05T01:00:00Z,8850.354333333335
2020-03-05T02:00:00Z,8913.457222222225
2020-03-05T03:00:00Z,8942.687962962966
2020-03-05T04:00:00Z,8948.765962962963
2020-03-05T05:00:00Z,8948.437851851852
2020-03-05T06:00:00Z,8949.122703703702
2020-03-05T07:00:00Z,8942.592555555557
2020-03-05T08:00:00Z,8937.087925925929
2020-03-05T09:00:00Z,8980.50488888889
2020-03-05T10:00:00Z,9046.610296296298
2020-03-05T11:00:00Z,9112.047185185185
2020-03-05T12:00:00Z,9142.283037037036
2020-03-05T13:00:00Z,9142.37874074074
2020-03-05T14:00:00Z,9112.18711111111
2020-03-05T15:00:00Z,9092.601925925926
2020-03-05T16:00:00Z,9087.599740740743
2020-03-05T17:00:00Z,9096.581592592593
2020-03-05T18:00:00Z,9115.235259259258
2020-03-05T19:00:00Z,9143.882814814815
2020-03-05T20:00:00Z,9157.216444444444
2020-03-05T21:00:00Z,9153.13525925926
2020-03-05T22:00:00Z,9125.054333333335
2020-03-05T23:00:00Z,9090.387296296298
2020-03-06T00:00:00Z,9044.47225925926
2020-03-06T01:00:00Z,9012.96025925926
2020-03-06T02:00:00Z,9010.050481481483
2020-03-06T03:00:00Z,9022.162407407408
2020-03-06T04:00:00Z,9042.024666666666
2020-03-06T05:00:00Z,9075.26174074074
2020-03-06T06:00:00Z,9104.064629629629
2020-03-06T07:00:00Z,9123.074037037037
2020-03-06T08:00:00Z,9135.591333333332
2020-03-06T09:00:00Z,9140.393555555553
2020-03-06T10:00:00Z,9150.228851851849
2020-03-06T11:00:00Z,9156.581518518518
2020-03-06T12:00:00Z,9153.149962962963
2020-03-06T13:00:00Z,9128.439333333334
2020-03-06T14:00:00Z,9100.551370370371
2020-03-06T15:00:00Z,9061.10137037037
2020-03-06T16:00:00Z,9042.212481481482
2020-03-06T17:00:00Z,9046.250666666667
2020-03-06T18:00:00Z,9061.917481481481
2020-03-06T19:00:00Z,9083.798925925927
2020-03-06T20:00:00Z,9104.586814814815
2020-03-06T21:00:00Z,9125.725148148147
2020-03-06T22:00:00Z,9138.905555555555
2020-03-06T23:00:00Z,9152.710629629628
2020-03-07T00:00:00Z,9159.041925925923
2020-03-07T01:00:00Z,9149.905555555555
2020-03-07T02:00:00Z,9135.836666666668
2020-03-07T03:00:00Z,9120.590592592593
2020-03-07T04:00:00Z,9104.981999999998
2020-03-07T05:00:00Z,9095.191148148147
2020-03-07T06:00:00Z,9088.580851851853
2020-03-07T07:00:00Z,9089.569814814815
2020-03-07T08:00:00Z,9100.684111111112
2020-03-07T09:00:00Z,9117.599407407406
2020-03-07T10:00:00Z,9127.254333333332
2020-03-07T11:00:00Z,9128.198296296296
2020-03-07T12:00:00Z,9120.34059259259
2020-03-07T13:00:00Z,9110.384777777776
2020-03-07T14:00:00Z,9111.911074074073
2020-03-07T15:00:00Z,9121.537814814814
2020-03-07T16:00:00Z,9108.74025925926
2020-03-07T17:00:00Z,9047.696074074074
2020-03-07T18:00:00Z,8958.316037037037
2020-03-07T19:00:00Z,8884.462851851851
2020-03-07T20:00:00Z,8844.502888888886
2020-03-07T21:00:00Z,8838.243666666665
2020-03-07T22:00:00Z,8858.037629629629
2020-03-07T23:00:00Z,8879.257222222222
2020-03-08T00:00:00Z,8862.852666666666
2020-03-08T01:00:00Z,8817.925000000001
2020-03-08T02:00:00Z,8758.158185185186
2020-03-08T03:00:00Z,8719.792370370373
2020-03-08T04:00:00Z,8707.85911111111
2020-03-08T05:00:00Z,8709.965666666669
2020-03-08T06:00:00Z,8716.347407407406
2020-03-08T07:00:00Z,8726.236407407407
2020-03-08T08:00:00Z,8733.568148148148
2020-03-08T09:00:00Z,8734.242296296296
2020-03-08T10:00:00Z,8735.816222222218
2020-03-08T11:00:00Z,8740.895037037037
2020-03-08T12:00:00Z,8729.23062962963
2020-03-08T13:00:00Z,8702.72511111111
2020-03-08T14:00:00Z,8647.487185185186
2020-03-08T15:00:00Z,8538.967592592591
2020-03-08T16:00:00Z,8395.18111111111
2020-03-08T17:00:00Z,8281.018777777777
2020-03-08T18:00:00Z,8219.23585185185
2020-03-08T19:00:00Z,8208.148851851853
2020-03-08T20:00:00Z,8218.73074074074
2020-03-08T21:00:00Z,8228.924666666668
2020-03-08T22:00:00Z,8207.989962962962
2020-03-08T23:00:00Z,8136.198999999998
2020-03-09T00:00:00Z,8068.8147407407405
2020-03-09T01:00:00Z,8030.395888888889
2020-03-09T02:00:00Z,8011.2962962962965
2020-03-09T03:00:00Z,8019.121481481481
2020-03-09T04:00:00Z,7971.43537037037
2020-03-09T05:00:00Z,7924.732370370372
2020-03-09T06:00:00Z,7877.607000000001
2020-03-09T07:00:00Z,7857.674037037038
2020-03-09T08:00:00Z,7884.567111111111
2020-03-09T09:00:00Z,7902.789703703704
2020-03-09T10:00:00Z,7909.736518518519
2020-03-09T11:00:00Z,7877.697888888889
2020-03-09T12:00:00Z,7855.450777777779
2020-03-09T13:00:00Z,7825.453333333335
2020-03-09T14:00:00Z,7777.378518518519
2020-03-09T15:00:00Z,7743.3516666666665
2020-03-09T16:00:00Z,7731.908407407406
2020-03-09T17:00:00Z,7726.896888888888
2020-03-09T18:00:00Z,7729.6147037037035
2020-03-09T19:00:00Z,7760.991777777778
2020-03-09T20:00:00Z,7808.934518518518
2020-03-09T21:00:00Z,7848.269666666667
2020-03-09T22:00:00Z,7878.211703703702
2020-03-09T23:00:00Z,7909.246629629629
2020-03-10T00:00:00Z,7938.797592592592
2020-03-10T01:00:00Z,7948.802296296298
2020-03-10T02:00:00Z,7926.658037037038
2020-03-10T03:00:00Z,7906.00977777778
2020-03-10T04:00:00Z,7903.535703703703
2020-03-10T05:00:00Z,7917.935296296296
2020-03-10T06:00:00Z,7931.270851851851
2020-03-10T07:00:00Z,7928.696518518518
2020-03-10T08:00:00Z,7918.036555555555
2020-03-10T09:00:00Z,7902.684259259259
2020-03-10T10:00:00Z,7935.936814814816
2020-03-10T11:00:00Z,8000.201444444446
2020-03-10T12:00:00Z,8087.497962962963
2020-03-10T13:00:00Z,8135.765037037038
2020-03-10T14:00:00Z,8133.915703703704
2020-03-10T15:00:00Z,8018.336037037038
2020-03-10T16:00:00Z,7892.094185185185
2020-03-10T17:00:00Z,7809.833851851851
2020-03-10T18:00:00Z,7788.928518518517
2020-03-10T19:00:00Z,7844.474222222222
2020-03-10T20:00:00Z,7922.783629629629
2020-03-10T21:00:00Z,7981.157259259259
2020-03-10T22:00:00Z,8002.637740740739
2020-03-10T23:00:00Z,7976.523518518518
2020-03-11T00:00:00Z,7948.599444444444
2020-03-11T01:00:00Z,7928.248481481482
2020-03-11T02:00:00Z,7914.204037037035
2020-03-11T03:00:00Z,7910.632962962962
2020-03-11T04:00:00Z,7906.18448148148
2020-03-11T05:00:00Z,7888.265925925926
2020-03-11T06:00:00Z,7858.074407407409
2020-03-11T07:00:00Z,7839.787592592594
2020-03-11T08:00:00Z,7827.414148148149
2020-03-11T09:00:00Z,7822.3547407407395
2020-03-11T10:00:00Z,7826.398777777776
2020-03-11T11:00:00Z,7828.528777777777
2020-03-11T12:00:00Z,7835.409222222222
2020-03-11T13:00:00Z,7844.55274074074
2020-03-11T14:00:00Z,7836.112629629628
2020-03-11T15:00:00Z,7812.961148148147
2020-03-11T16:00:00Z,7781.829851851852
2020-03-11T17:00:00Z,7729.26337037037
2020-03-11T18:00:00Z,7717.349444444444
2020-03-11T19:00:00Z,7745.322999999999
2020-03-11T20:00:00Z,7801.320777777779
2020-03-11T21:00:00Z,7837.744
2020-03-11T22:00:00Z,7888.703555555556
2020-03-11T23:00:00Z,7931.936777777778
2020-03-12T00:00:00Z,7958.762888888889
2020-03-12T01:00:00Z,7900.898370370368
2020-03-12T02:00:00Z,7775.578259259259
2020-03-12T03:00:00Z,7659.761000000001
2020-03-12T04:00:00Z,7580.486000000002
2020-03-12T05:00:00Z,7560.37677777778
2020-03-12T06:00:00Z,7529.109222222224
2020-03-12T07:00:00Z,7461.194888888892
2020-03-12T08:00:00Z,7382.037592592594
2020-03-12T09:00:00Z,7316.493666666666
2020-03-12T10:00:00Z,6912.051148148147
2020-03-12T11:00:00Z,6392.261740740739
2020-03-12T12:00:00Z,5941.313962962963
2020-03-12T13:00:00Z,5687.121074074074
2020-03-12T14:00:00Z,5682.0514814814815
2020-03-12T15:00:00Z,5804.379259259261
2020-03-12T16:00:00Z,5943.114888888889
2020-03-12T17:00:00Z,6045.994777777778
2020-03-12T18:00:00Z,6065.728148148149
2020-03-12T19:00:00Z,6048.1963703703705
2020-03-12T20:00:00Z,5925.606925925927
2020-03-12T21:00:00Z,5810.398629629629
2020-03-12T22:00:00Z,5734.533555555557
2020-03-12T23:00:00Z,5431.141333333335
2020-03-13T00:00:00Z,5004.223111111113
2020-03-13T01:00:00Z,4471.549925925928
2020-03-13T02:00:00Z,4339.578777777779
2020-03-13T03:00:00Z,4598.597851851852
2020-03-13T04:00:00Z,4863.999
2020-03-13T05:00:00Z,5030.409222222222
2020-03-13T06:00:00Z,5128.450333333333
2020-03-13T07:00:00Z,5268.955592592593
2020-03-13T08:00:00Z,5399.507518518519
2020-03-13T09:00:00Z,5600.302703703704
2020-03-13T10:00:00Z,5730.1951851851845
2020-03-13T11:00:00Z,5732.453074074074
2020-03-13T12:00:00Z,5702.023407407408
2020-03-13T13:00:00Z,5667.268666666668
2020-03-13T14:00:00Z,5600.340629629631
2020-03-13T15:00:00Z,5464.753148148149
2020-03-13T16:00:00Z,5301.437851851852
2020-03-13T17:00:00Z,5173.393481481481
2020-03-13T18:00:00Z,5055.291666666666
2020-03-13T19:00:00Z,5105.586888888888
2020-03-13T20:00:00Z,5235.399148148147
2020-03-13T21:00:00Z,5419.8367407407395
2020-03-13T22:00:00Z,5602.972962962962
2020-03-13T23:00:00Z,5710.959962962963
2020-03-14T00:00:00Z,5707.139703703703
2020-03-14T01:00:00Z,5644.3876666666665
2020-03-14T02:00:00Z,5590.882444444446
2020-03-14T03:00:00Z,5574.581333333335
2020-03-14T04:00:00Z,5569.03562962963
2020-03-14T05:00:00Z,5537.2468148148155
2020-03-14T06:00:00Z,5489.832481481481
2020-03-14T07:00:00Z,5472.575148148149
2020-03-14T08:00:00Z,5439.1014444444445
2020-03-14T09:00:00Z,5365.88974074074
2020-03-14T10:00:00Z,5330.352222222223
2020-03-14T11:00:00Z,5357.451703703704
2020-03-14T12:00:00Z,5413.7699999999995
2020-03-14T13:00:00Z,5420.203703703704
2020-03-14T14:00:00Z,5402.438333333334
2020-03-14T15:00:00Z,5359.191592592592
2020-03-14T16:00:00Z,5348.9388148148155
2020-03-14T17:00:00Z,5365.971666666667
2020-03-14T18:00:00Z,5406.854222222223
2020-03-14T19:00:00Z,5430.3135555555555
2020-03-14T20:00:00Z,5412.131296296296
2020-03-14T21:00:00Z,5361.263851851851
2020-03-14T22:00:00Z,5296.891370370369
2020-03-14T23:00:00Z,5220.572444444443
2020-03-15T00:00:00Z,5167.362259259259
2020-03-15T01:00:00Z,5126.482222222222
2020-03-15T02:00:00Z,5120.182555555556
2020-03-15T03:00:00Z,5130.014259259259
2020-03-15T04:00:00Z,5165.738333333334
2020-03-15T05:00:00Z,5206.6958888888885
2020-03-15T06:00:00Z,5252.134888888889
2020-03-15T07:00:00Z,5280.80425925926
2020-03-15T08:00:00Z,5279.40851851852
2020-03-15T09:00:00Z,5264.17088888889
2020-03-15T10:00:00Z,5305.273222222223
2020-03-15T11:00:00Z,5375.201777777778
2020-03-15T12:00:00Z,5403.145888888889
2020-03-15T13:00:00Z,5393.576740740741
2020-03-15T14:00:00Z,5350.655703703703
2020-03-15T15:00:00Z,5315.845407407407
2020-03-15T16:00:00Z,5287.295444444444
2020-03-15T17:00:00Z,5273.442555555556
2020-03-15T18:00:00Z,5273.0361111111115
2020-03-15T19:00:00Z,5282.835592592593
2020-03-15T20:00:00Z,5257.0668518518505
2020-03-15T21:00:00Z,5439.888037037036
2020-03-15T22:00:00Z,5532.815777777779
2020-03-15T23:00:00Z,5542.790962962964
2020-03-16T00:00:00Z,5434.888962962963
2020-03-16T01:00:00Z,5309.66911111111
2020-03-16T02:00:00Z,5253.548370370371
2020-03-16T03:00:00Z,5234.497222222221
2020-03-16T04:00:00Z,5227.755814814814
2020-03-16T05:00:00Z,5190.549888888888
2020-03-16T06:00:00Z,5110.919444444445
2020-03-16T07:00:00Z,4954.552481481482
2020-03-16T08:00:00Z,4834.139444444445
2020-03-16T09:00:00Z,4750.887777777778
2020-03-16T10:00:00Z,4613.858481481482
2020-03-16T11:00:00Z,4510.421703703704
2020-03-16T12:00:00Z,4509.288296296297
2020-03-16T13:00:00Z,4614.9120370370365
2020-03-16T14:00:00Z,4784.34625925926
2020-03-16T15:00:00Z,4988.900925925926
2020-03-16T16:00:00Z,5111.77537037037
2020-03-16T17:00:00Z,5171.234333333334
2020-03-16T18:00:00Z,5189.278407407408
2020-03-16T19:00:00Z,5130.883037037037
2020-03-16T20:00:00Z,5035.443074074075
2020-03-16T21:00:00Z,4963.8443703703715
2020-03-16T22:00:00Z,4920.883925925927
2020-03-16T23:00:00Z,4940.385222222222
2020-03-17T00:00:00Z,5000.092481481482
2020-03-17T01:00:00Z,5098.875703703704
2020-03-17T02:00:00Z,5218.518703703705
2020-03-17T03:00:00Z,5326.158925925926
2020-03-17T04:00:00Z,5378.075444444444
2020-03-17T05:00:00Z,5381.439814814815
2020-03-17T06:00:00Z,5358.7323703703705
2020-03-17T07:00:00Z,5356.251555555556
2020-03-17T08:00:00Z,5349.87574074074
2020-03-17T09:00:00Z,5321.301333333334
2020-03-17T10:00:00Z,5301.535000000001
2020-03-17T11:00:00Z,5285.239592592593
2020-03-17T12:00:00Z,5260.250148148147
2020-03-17T13:00:00Z,5199.375481481481
2020-03-17T14:00:00Z,5173.446481481481
2020-03-17T15:00:00Z,5221.014888888889
2020-03-17T16:00:00Z,5305.239962962963
2020-03-17T17:00:00Z,5382.303444444445
2020-03-17T18:00:00Z,5421.476814814815
2020-03-17T19:00:00Z,5432.697703703704
2020-03-17T20:00:00Z,5450.525888888889
2020-03-17T21:00:00Z,5467.6821851851855
2020-03-17T22:00:00Z,5478.762037037038
2020-03-17T23:00:00Z,5442.715962962963
2020-03-18T00:00:00Z,5398.759518518519
2020-03-18T01:00:00Z,5367.707259259259
2020-03-18T02:00:00Z,5360.3538148148145
2020-03-18T03:00:00Z,5376.595407407407
2020-03-18T04:00:00Z,5404.153222222222
2020-03-18T05:00:00Z,5384.69951851852
2020-03-18T06:00:00Z,5335.638111111111
2020-03-18T07:00:00Z,5248.24037037037
2020-03-18T08:00:00Z,5175.093592592593
2020-03-18T09:00:00Z,5125.495703703704
2020-03-18T10:00:00Z,5089.307
2020-03-18T11:00:00Z,5087.7247777777775
2020-03-18T12:00:00Z,5094.102555555556
2020-03-18T13:00:00Z,5179.887111111111
2020-03-18T14:00:00Z,5273.930888888889
2020-03-18T15:00:00Z,5353.963407407407
2020-03-18T16:00:00Z,5354.026703703704
2020-03-18T17:00:00Z,5311.204592592592
2020-03-18T18:00:00Z,5291.980629629629
2020-03-18T19:00:00Z,5305.241925925927
2020-03-18T20:00:00Z,5335.234666666668
2020-03-18T21:00:00Z,5366.217444444445
2020-03-18T22:00:00Z,5382.375259259259
2020-03-18T23:00:00Z,5401.034703703703
2020-03-19T00:00:00Z,5403.371222222222
2020-03-19T01:00:00Z,5395.2397037037035
2020-03-19T02:00:00Z,5361.378407407407
2020-03-19T03:00:00Z,5322.682444444445
2020-03-19T04:00:00Z,5298.475777777778
2020-03-19T05:00:00Z,5313.559037037036
2020-03-19T06:00:00Z,5351.56611111111
2020-03-19T07:00:00Z,5400.399222222222
2020-03-19T08:00:00Z,5436.277777777777
2020-03-19T09:00:00Z,5508.543592592592
2020-03-19T10:00:00Z,5578.012814814814
2020-03-19T11:00:00Z,5647.042925925925
2020-03-19T12:00:00Z,5759.331407407407
2020-03-19T13:00:00Z,5865.202518518519
2020-03-19T14:00:00Z,5933.106555555557
2020-03-19T15:00:00Z,5972.158592592593
2020-03-19T16:00:00Z,6065.326148148149
2020-03-19T17:00:00Z,6225.351370370371
2020-03-19T18:00:00Z,6320.250888888889
2020-03-19T19:00:00Z,6354.956333333333
2020-03-19T20:00:00Z,6337.363185185185
2020-03-19T21:00:00Z,6310.690851851851
2020-03-19T22:00:00Z,6306.083037037038
2020-03-19T23:00:00Z,6276.111333333334
2020-03-20T00:00:00Z,6249.6426296296295
2020-03-20T01:00:00Z,6212.551629629629
2020-03-20T02:00:00Z,6176.809407407407
2020-03-20T03:00:00Z,6152.439370370371
2020-03-20T04:00:00Z,6152.39362962963
2020-03-20T05:00:00Z,6176.092111111109
2020-03-20T06:00:00Z,6213.436703703704
2020-03-20T07:00:00Z,6268.593518518519
2020-03-20T08:00:00Z,6406.518518518518
2020-03-20T09:00:00Z,6607.890333333333
2020-03-20T10:00:00Z,6811.6146666666655
2020-03-20T11:00:00Z,6898.014074074073
2020-03-20T12:00:00Z,6860.029999999999
2020-03-20T13:00:00Z,6742.330666666669
2020-03-20T14:00:00Z,6643.866000000001
2020-03-20T15:00:00Z,6598.618222222224
2020-03-20T16:00:00Z,6541.838777777778
2020-03-20T17:00:00Z,6474.1793333333335
2020-03-20T18:00:00Z,6341.451444444446
2020-03-20T19:00:00Z,6211.8853333333345
2020-03-20T20:00:00Z,6057.8485925925925
2020-03-20T21:00:00Z,6015.867148148148
2020-03-20T22:00:00Z,6035.137444444445
2020-03-20T23:00:00Z,6100.776481481481
2020-03-21T00:00:00Z,6146.436222222222
2020-03-21T01:00:00Z,6201.324481481482
2020-03-21T02:00:00Z,6253.507962962963
2020-03-21T03:00:00Z,6290.195
2020-03-21T04:00:00Z,6277.467074074074
2020-03-21T05:00:00Z,6214.872444444445
2020-03-21T06:00:00Z,6181.426592592593
2020-03-21T07:00:00Z,6158.44588888889
2020-03-21T08:00:00Z,6140.643037037037
2020-03-21T09:00:00Z,6079.938370370372
2020-03-21T10:00:00Z,6004.869370370371
2020-03-21T11:00:00Z,5989.6146666666655
2020-03-21T12:00:00Z,6029.062074074073
2020-03-21T13:00:00Z,6099.925666666666
2020-03-21T14:00:00Z,6164.407037037036
2020-03-21T15:00:00Z,6213.387962962964
2020-03-21T16:00:00Z,6218.672592592593
2020-03-21T17:00:00Z,6181.263518518518
2020-03-21T18:00:00Z,6167.674962962963
2020-03-21T19:00:00Z,6180.1618148148145
2020-03-21T20:00:00Z,6244.170592592593
2020-03-21T21:00:00Z,6268.781148148148
2020-03-21T22:00:00Z,6249.2129259259245
2020-03-21T23:00:00Z,6214.890259259258
2020-03-22T00:00:00Z,6192.444407407408
2020-03-22T01:00:00Z,6207.882222222222
2020-03-22T02:00:00Z,6241.934962962962
2020-03-22T03:00:00Z,6299.423148148147
2020-03-22T04:00:00Z,6336.391222222221
2020-03-22T05:00:00Z,6368.0391851851855
2020-03-22T06:00:00Z,6369.654222222222
2020-03-22T07:00:00Z,6349.058518518518
2020-03-22T08:00:00Z,6309.740777777777
2020-03-22T09:00:00Z,6289.526666666668
2020-03-22T10:00:00Z,6274.6011851851845
2020-03-22T11:00:00Z,6235.047222222222
2020-03-22T12:00:00Z,6146.597851851853
2020-03-22T13:00:00Z,6064.824111111112
2020-03-22T14:00:00Z,6018.122814814815
2020-03-22T15:00:00Z,6016.224481481481
2020-03-22T16:00:00Z,6029.459925925924
2020-03-22T17:00:00Z,6030.970407407407
2020-03-22T18:00:00Z,6016.506925925925
2020-03-22T19:00:00Z,5974.186925925926
2020-03-22T20:00:00Z,5935.207925925926
2020-03-22T21:00:00Z,5947.769407407407
2020-03-22T22:00:00Z,5937.997592592594
2020-03-22T23:00:00Z,5896.506851851853
2020-03-23T00:00:00Z,5864.89088888889
2020-03-23T01:00:00Z,5846.478703703703
2020-03-23T02:00:00Z,5859.9380740740735
2020-03-23T03:00:00Z,5899.043814814814
2020-03-23T04:00:00Z,5923.385703703704
2020-03-23T05:00:00Z,5923.701666666668
2020-03-23T06:00:00Z,5920.680888888889
2020-03-23T07:00:00Z,5902.019925925927
2020-03-23T08:00:00Z,5857.127962962962
2020-03-23T09:00:00Z,5814.303037037036
2020-03-23T10:00:00Z,5807.0701851851845
2020-03-23T11:00:00Z,5824.002666666666
2020-03-23T12:00:00Z,5994.859444444443
2020-03-23T13:00:00Z,6195.965407407409
2020-03-23T14:00:00Z,6337.488814814814
2020-03-23T15:00:00Z,6384.061740740741
2020-03-23T16:00:00Z,6403.7745185185195
2020-03-23T17:00:00Z,6392.195703703704
2020-03-23T18:00:00Z,6363.521777777779
2020-03-23T19:00:00Z,6327.249074074076
2020-03-23T20:00:00Z,6333.679259259261
2020-03-23T21:00:00Z,6389.104148148148
2020-03-23T22:00:00Z,6457.108962962963
2020-03-23T23:00:00Z,6509.753074074074
2020-03-24T00:00:00Z,6566.420999999999
2020-03-24T01:00:00Z,6603.240999999999
2020-03-24T02:00:00Z,6639.154111111112
2020-03-24T03:00:00Z,6636.975407407408
2020-03-24T04:00:00Z,6581.885222222222
2020-03-24T05:00:00Z,6524.7378148148155
2020-03-24T06:00:00Z,6511.875074074073
2020-03-24T07:00:00Z,6537.503222222222
2020-03-24T08:00:00Z,6621.836925925927
2020-03-24T09:00:00Z,6724.477370370371
2020-03-24T10:00:00Z,6793.513555555554
2020-03-24T11:00:00Z,6823.268222222224
2020-03-24T12:00:00Z,6795.729296296297
2020-03-24T13:00:00Z,6755.8069259259255
2020-03-24T14:00:00Z,6705.648851851852
2020-03-24T15:00:00Z,6654.727777777777
2020-03-24T16:00:00Z,6618.794185185184
2020-03-24T17:00:00Z,6616.341407407407
2020-03-24T18:00:00Z,6637.305888888889
2020-03-24T19:00:00Z,6676.053407407407
2020-03-24T20:00:00Z,6720.227333333333
2020-03-24T21:00:00Z,6743.120999999999
2020-03-24T22:00:00Z,6767.9321851851855
2020-03-24T23:00:00Z,6781.378777777779
2020-03-25T00:00:00Z,6772.940629629632
2020-03-25T01:00:00Z,6722.101148148147
2020-03-25T02:00:00Z,6653.935851851849
2020-03-25T03:00:00Z,6587.624481481481
2020-03-25T04:00:00Z,6562.997962962962
2020-03-25T05:00:00Z,6600.620555555556
2020-03-25T06:00:00Z,6658.398851851853
2020-03-25T07:00:00Z,6704.935148148149
2020-03-25T08:00:00Z,6756.758703703705
2020-03-25T09:00:00Z,6824.876518518518
2020-03-25T10:00:00Z,6805.628481481482
2020-03-25T11:00:00Z,6711.764962962962
2020-03-25T12:00:00Z,6612.2370740740735
2020-03-25T13:00:00Z,6547.827259259258
2020-03-25T14:00:00Z,6551.156407407406
2020-03-25T15:00:00Z,6583.103074074075
2020-03-25T16:00:00Z,6627.869111111111
2020-03-25T17:00:00Z,6660.033444444445
2020-03-25T18:00:00Z,6677.11274074074
2020-03-25T19:00:00Z,6670.262222222223
2020-03-25T20:00:00Z,6642.143888888891
2020-03-25T21:00:00Z,6613.261703703703
2020-03-25T22:00:00Z,6623.228777777779
2020-03-25T23:00:00Z,6654.28162962963
2020-03-26T00:00:00Z,6708.280185185186
2020-03-26T01:00:00Z,6740.698851851852
2020-03-26T02:00:00Z,6745.282666666669
2020-03-26T03:00:00Z,6745.197740740742
2020-03-26T04:00:00Z,6732.938703703704
2020-03-26T05:00:00Z,6702.34674074074
2020-03-26T06:00:00Z,6667.670333333333
2020-03-26T07:00:00Z,6627.640037037038
2020-03-26T08:00:00Z,6604.716444444443
2020-03-26T09:00:00Z,6600.8225925925935
2020-03-26T10:00:00Z,6608.495666666667
2020-03-26T11:00:00Z,6615.739185185185
2020-03-26T12:00:00Z,6622.592518518519
2020-03-26T13:00:00Z,6630.552333333333
2020-03-26T14:00:00Z,6627.985037037037
2020-03-26T15:00:00Z,6627.474777777777
2020-03-26T16:00:00Z,6635.715666666667
2020-03-26T17:00:00Z,6646.48574074074
2020-03-26T18:00:00Z,6661.204074074074
2020-03-26T19:00:00Z,6675.032962962963
2020-03-26T20:00:00Z,6704.854074074075
2020-03-26T21:00:00Z,6734.323592592594
2020-03-26T22:00:00Z,6749.498037037037
2020-03-26T23:00:00Z,6760.167703703704
2020-03-27T00:00:00Z,6790.25074074074
2020-03-27T01:00:00Z,6824.845333333334
2020-03-27T02:00:00Z,6845.067703703705
2020-03-27T03:00:00Z,6847.153333333335
2020-03-27T04:00:00Z,6819.265148148149
2020-03-27T05:00:00Z,6759.020851851852
2020-03-27T06:00:00Z,6700.551888888888
2020-03-27T07:00:00Z,6673.204000000001
2020-03-27T08:00:00Z,6667.024111111113
2020-03-27T09:00:00Z,6666.262851851851
2020-03-27T10:00:00Z,6660.30337037037
2020-03-27T11:00:00Z,6643.683444444443
2020-03-27T12:00:00Z,6632.639851851851
2020-03-27T13:00:00Z,6615.621444444444
2020-03-27T14:00:00Z,6607.854740740742
2020-03-27T15:00:00Z,6609.900037037039
2020-03-27T16:00:00Z,6622.198407407409
2020-03-27T17:00:00Z,6635.99162962963
2020-03-27T18:00:00Z,6648.925666666666
2020-03-27T19:00:00Z,6660.530666666666
2020-03-27T20:00:00Z,6673.497555555555
2020-03-27T21:00:00Z,6685.932555555558
2020-03-27T22:00:00Z,6689.7124814814815
2020-03-27T23:00:00Z,6596.6949629629635
2020-03-28T00:00:00Z,6448.945444444445
2020-03-28T01:00:00Z,6299.553925925927
2020-03-28T02:00:00Z,6198.702925925926
2020-03-28T03:00:00Z,6122.701296296295
2020-03-28T04:00:00Z,6090.422814814814
2020-03-28T05:00:00Z,6086.749259259258
2020-03-28T06:00:00Z,6103.650814814813
2020-03-28T07:00:00Z,6137.534666666666
2020-03-28T08:00:00Z,6190.888148148148
2020-03-28T09:00:00Z,6242.62488888889
2020-03-28T10:00:00Z,6280.063370370372
2020-03-28T11:00:00Z,6288.276296296296
2020-03-28T12:00:00Z,6277.437037037038
2020-03-28T13:00:00Z,6259.5192962962965
2020-03-28T14:00:00Z,6249.418074074075
2020-03-28T15:00:00Z,6240.075703703704
2020-03-28T16:00:00Z,6236.787111111112
2020-03-28T17:00:00Z,6176.217592592591
2020-03-28T18:00:00Z,6136.069592592593
2020-03-28T19:00:00Z,6134.998740740742
2020-03-28T20:00:00Z,6177.222777777777
2020-03-28T21:00:00Z,6225.284333333332
2020-03-28T22:00:00Z,6249.124222222222
2020-03-28T23:00:00Z,6258.684666666665
2020-03-29T00:00:00Z,6251.1310370370375
2020-03-29T01:00:00Z,6240.955370370371
2020-03-29T02:00:00Z,6227.060111111113
2020-03-29T03:00:00Z,6216.429962962964
2020-03-29T04:00:00Z,6210.949925925927
2020-03-29T05:00:00Z,6191.798222222223
2020-03-29T06:00:00Z,6169.051111111111
2020-03-29T07:00:00Z,6149.965111111112
2020-03-29T08:00:00Z,6134.078444444444
2020-03-29T09:00:00Z,6112.16111111111
2020-03-29T10:00:00Z,6116.2733333333335
2020-03-29T11:00:00Z,6124.7020370370365
2020-03-29T12:00:00Z,6132.658629629627
2020-03-29T13:00:00Z,6133.513666666666
2020-03-29T14:00:00Z,6134.310666666667
2020-03-29T15:00:00Z,6134.892148148149
2020-03-29T16:00:00Z,6121.991481481481
2020-03-29T17:00:00Z,6108.779407407407
2020-03-29T18:00:00Z,6086.469333333334
2020-03-29T19:00:00Z,6018.265296296297
2020-03-29T20:00:00Z,5953.009074074074
2020-03-29T21:00:00Z,5892.473666666668
2020-03-29T22:00:00Z,5865.337037037037
2020-03-29T23:00:00Z,5854.3478518518505
2020-03-30T00:00:00Z,5858.850629629629
2020-03-30T01:00:00Z,5883.275185185186
2020-03-30T02:00:00Z,5928.913148148149
2020-03-30T03:00:00Z,5982.424481481484
2020-03-30T04:00:00Z,6030.74162962963
2020-03-30T05:00:00Z,6112.5048148148135
2020-03-30T06:00:00Z,6198.769925925924
2020-03-30T07:00:00Z,6273.484444444443
2020-03-30T08:00:00Z,6323.241481481481
2020-03-30T09:00:00Z,6335.7365925925915
2020-03-30T10:00:00Z,6334.424888888888
2020-03-30T11:00:00Z,6350.781185185185
2020-03-30T12:00:00Z,6359.069296296296
2020-03-30T13:00:00Z,6358.033629629629
2020-03-30T14:00:00Z,6353.70422222222
2020-03-30T15:00:00Z,6351.241407407407
2020-03-30T16:00:00Z,6364.692962962963
2020-03-30T17:00:00Z,6375.055592592592
2020-03-30T18:00:00Z,6383.014444444445
2020-03-30T19:00:00Z,6385.377592592592
2020-03-30T20:00:00Z,6416.932814814815
2020-03-30T21:00:00Z,6479.163851851852
2020-03-30T22:00:00Z,6520.598037037038
2020-03-30T23:00:00Z,6511.229444444444
2020-03-31T00:00:00Z,6479.601629629629
2020-03-31T01:00:00Z,6471.707925925926
2020-03-31T02:00:00Z,6470.547888888887
2020-03-31T03:00:00Z,6468.16611111111
2020-03-31T04:00:00Z,6443.580111111111
2020-03-31T05:00:00Z,6419.2707037037035
2020-03-31T06:00:00Z,6421.86574074074
2020-03-31T07:00:00Z,6434.611666666667
2020-03-31T08:00:00Z,6464.194444444445
2020-03-31T09:00:00Z,6473.510370370372
2020-03-31T10:00:00Z,6466.620592592593
2020-03-31T11:00:00Z,6440.196185185186
2020-03-31T12:00:00Z,6427.645111111112
2020-03-31T13:00:00Z,6423.54285185185
2020-03-31T14:00:00Z,6436.969444444444
2020-03-31T15:00:00Z,6454.483037037036
2020-03-31T16:00:00Z,6460.199592592592
2020-03-31T17:00:00Z,6464.453296296296
2020-03-31T18:00:00Z,6469.511259259259
2020-03-31T19:00:00Z,6475.410888888888
2020-03-31T20:00:00Z,6481.085888888888
2020-03-31T21:00:00Z,6478.247481481481
2020-03-31T22:00:00Z,6465.702592592592
2020-03-31T23:00:00Z,6445.27437037037
2020-04-01T00:00:00Z,6392.882740740741
2020-04-01T01:00:00Z,6329.406740740741
2020-04-01T02:00:00Z,6287.300407407408
2020-04-01T03:00:00Z,6290.679185185185
2020-04-01T04:00:00Z,6314.1982592592585
2020-04-01T05:00:00Z,6326.944481481481
2020-04-01T06:00:00Z,6322.913037037038
2020-04-01T07:00:00Z,6319.621222222221
2020-04-01T08:00:00Z,6317.183222222223
2020-04-01T09:00:00Z,6313.429185185186
2020-04-01T10:00:00Z,6305.402370370371
2020-04-01T11:00:00Z,6297.692555555556
2020-04-01T12:00:00Z,6271.732000000001
2020-04-01T13:00:00Z,6237.7802222222235
2020-04-01T14:00:00Z,6221.756333333334
2020-04-01T15:00:00Z,6218.746259259259
2020-04-01T16:00:00Z,6211.64225925926
2020-04-01T17:00:00Z,6203.46911111111
2020-04-01T18:00:00Z,6194.0815555555555
2020-04-01T19:00:00Z,6194.087037037037
2020-04-01T20:00:00Z,6241.458111111111
2020-04-01T21:00:00Z,6310.698407407407
2020-04-01T22:00:00Z,6424.329037037035
2020-04-01T23:00:00Z,6566.633481481481
2020-04-02T00:00:00Z,6675.562851851851
2020-04-02T01:00:00Z,6713.795296296295
2020-04-02T02:00:00Z,6705.736407407408
2020-04-02T03:00:00Z,6676.536555555555
2020-04-02T04:00:00Z,6649.865629629629
2020-04-02T05:00:00Z,6633.610185185185
2020-04-02T06:00:00Z,6633.4785555555545
2020-04-02T07:00:00Z,6645.553259259258
2020-04-02T08:00:00Z,6662.418629629629
2020-04-02T09:00:00Z,6670.1695925925915
2020-04-02T10:00:00Z,6671.587999999999
2020-04-02T11:00:00Z,6679.106296296294
2020-04-02T12:00:00Z,6681.599851851851
2020-04-02T13:00:00Z,6676.3424814814825
2020-04-02T14:00:00Z,6707.80325925926
2020-04-02T15:00:00Z,6762.420000000001
2020-04-02T16:00:00Z,6849.17025925926
2020-04-02T17:00:00Z,6976.4702592592585
2020-04-02T18:00:00Z,7001.6350740740745
2020-04-02T19:00:00Z,6957.721000000001
2020-04-02T20:00:00Z,6860.64651851852
2020-04-02T21:00:00Z,6798.81125925926
2020-04-02T22:00:00Z,6790.896185185185
2020-04-02T23:00:00Z,6799.489629629629
2020-04-03T00:00:00Z,6790.393185185185
2020-04-03T01:00:00Z,6782.742925925925
2020-04-03T02:00:00Z,6786.105296296296
2020-04-03T03:00:00Z,6790.975370370369
2020-04-03T04:00:00Z,6795.453444444443
2020-04-03T05:00:00Z,6791.72888888889
2020-04-03T06:00:00Z,6793.986222222222
2020-04-03T07:00:00Z,6840.71462962963
2020-04-03T08:00:00Z,6900.4153703703705
2020-04-03T09:00:00Z,6959.251851851853
2020-04-03T10:00:00Z,7011.355333333336
2020-04-03T11:00:00Z,7042.483518518521
2020-04-03T12:00:00Z,7029.144814814816
2020-04-03T13:00:00Z,6966.941666666667
2020-04-03T14:00:00Z,6877.33325925926
2020-04-03T15:00:00Z,6777.671592592594
2020-04-03T16:00:00Z,6718.055
2020-04-03T17:00:00Z,6687.680888888888
2020-04-03T18:00:00Z,6691.221444444444
2020-04-03T19:00:00Z,6717.8547407407395
2020-04-03T20:00:00Z,6726.9125185185185
2020-04-03T21:00:00Z,6730.451074074076
2020-04-03T22:00:00Z,6740.3758148148145
2020-04-03T23:00:00Z,6746.53611111111
2020-04-04T00:00:00Z,6756.055407407409
2020-04-04T01:00:00Z,6763.745185185185
2020-04-04T02:00:00Z,6744.476037037038
2020-04-04T03:00:00Z,6719.8114074074065
2020-04-04T04:00:00Z,6705.188814814814
2020-04-04T05:00:00Z,6707.995333333332
2020-04-04T06:00:00Z,6721.432
2020-04-04T07:00:00Z,6735.193703703703
2020-04-04T08:00:00Z,6758.084814814815
2020-04-04T09:00:00Z,6799.040962962962
2020-04-04T10:00:00Z,6853.779037037036
2020-04-04T11:00:00Z,6844.068111111109
2020-04-04T12:00:00Z,6797.362407407407
2020-04-04T13:00:00Z,6746.809037037036
2020-04-04T14:00:00Z,6712.76162962963
2020-04-04T15:00:00Z,6708.169148148149
2020-04-04T16:00:00Z,6734.1471481481485
2020-04-04T17:00:00Z,6766.794074074074
2020-04-04T18:00:00Z,6791.94774074074
2020-04-04T19:00:00Z,6795.756592592592
2020-04-04T20:00:00Z,6809.001407407406
2020-04-04T21:00:00Z,6839.416629629629
2020-04-04T22:00:00Z,6868.343259259259
2020-04-04T23:00:00Z,6889.4189259259265
2020-04-05T00:00:00Z,6894.420814814815
2020-04-05T01:00:00Z,6888.391296296296
2020-04-05T02:00:00Z,6875.999851851852
2020-04-05T03:00:00Z,6849.049481481481
2020-04-05T04:00:00Z,6812.4887037037015
2020-04-05T05:00:00Z,6784.306740740739
2020-04-05T06:00:00Z,6767.672555555556
2020-04-05T07:00:00Z,6763.036777777779
2020-04-05T08:00:00Z,6766.3012592592595
2020-04-05T09:00:00Z,6769.217518518519
2020-04-05T10:00:00Z,6765.1343333333325
2020-04-05T11:00:00Z,6766.095925925926
2020-04-05T12:00:00Z,6774.4314814814825
2020-04-05T13:00:00Z,6788.43925925926
2020-04-05T14:00:00Z,6793.786259259261
2020-04-05T15:00:00Z,6795.451925925926
2020-04-05T16:00:00Z,6791.487037037036
2020-04-05T17:00:00Z,6795.052888888888
2020-04-05T18:00:00Z,6800.9790370370365
2020-04-05T19:00:00Z,6806.183962962964
2020-04-05T20:00:00Z,6795.752703703703
2020-04-05T21:00:00Z,6779.408148148148
2020-04-05T22:00:00Z,6777.4456666666665
2020-04-05T23:00:00Z,6778.22237037037
2020-04-06T00:00:00Z,6811.029000000001
2020-04-06T01:00:00Z,6842.716962962964
2020-04-06T02:00:00Z,6858.865481481481
2020-04-06T03:00:00Z,6864.162962962964
2020-04-06T04:00:00Z,6893.2238518518525
2020-04-06T05:00:00Z,6950.013000000002
2020-04-06T06:00:00Z,7033.941407407408
2020-04-06T07:00:00Z,7089.880888888892
2020-04-06T08:00:00Z,7111.413555555558
2020-04-06T09:00:00Z,7124.248592592591
2020-04-06T10:00:00Z,7124.932296296295
2020-04-06T11:00:00Z,7128.047037037036
2020-04-06T12:00:00Z,7137.190629629629
2020-04-06T13:00:00Z,7138.461814814815
2020-04-06T14:00:00Z,7134.7612592592595
2020-04-06T15:00:00Z,7139.462148148149
2020-04-06T16:00:00Z,7149.759407407408
2020-04-06T17:00:00Z,7181.320555555554
2020-04-06T18:00:00Z,7224.714629629628
2020-04-06T19:00:00Z,7268.8055185185185
2020-04-06T20:00:00Z,7284.083259259259
2020-04-06T21:00:00Z,7296.52411111111
2020-04-06T22:00:00Z,7298.587333333334
2020-04-06T23:00:00Z,7316.329444444445
2020-04-07T00:00:00Z,7348.607777777778
2020-04-07T01:00:00Z,7372.979962962963
2020-04-07T02:00:00Z,7373.326481481483
2020-04-07T03:00:00Z,7359.329777777777
2020-04-07T04:00:00Z,7320.847000000002
2020-04-07T05:00:00Z,7288.753777777777
2020-04-07T06:00:00Z,7278.948333333331
2020-04-07T07:00:00Z,7308.854555555554
2020-04-07T08:00:00Z,7349.068
2020-04-07T09:00:00Z,7382.916000000001
2020-04-07T10:00:00Z,7416.379222222223
2020-04-07T11:00:00Z,7427.641518518519
2020-04-07T12:00:00Z,7411.6617777777765
2020-04-07T13:00:00Z,7385.225666666668
2020-04-07T14:00:00Z,7339.213222222222
2020-04-07T15:00:00Z,7311.7749629629625
2020-04-07T16:00:00Z,7316.990333333332
2020-04-07T17:00:00Z,7336.703370370371
2020-04-07T18:00:00Z,7343.4151481481495
2020-04-07T19:00:00Z,7327.395407407406
2020-04-07T20:00:00Z,7250.776037037035
2020-04-07T21:00:00Z,7178.083555555554
2020-04-07T22:00:00Z,7130.212407407406
2020-04-07T23:00:00Z,7126.602555555554
2020-04-08T00:00:00Z,7137.666185185187
2020-04-08T01:00:00Z,7147.88451851852
2020-04-08T02:00:00Z,7184.718296296297
2020-04-08T03:00:00Z,7254.939111111111
2020-04-08T04:00:00Z,7333.203370370371
2020-04-08T05:00:00Z,7405.824407407407
2020-04-08T06:00:00Z,7419.589481481482
2020-04-08T07:00:00Z,7396.652481481481
2020-04-08T08:00:00Z,7351.921481481484
2020-04-08T09:00:00Z,7316.286703703704
2020-04-08T10:00:00Z,7282.220666666668
2020-04-08T11:00:00Z,7269.366111111111
2020-04-08T12:00:00Z,7267.144370370371
2020-04-08T13:00:00Z,7253.2307037037035
2020-04-08T14:00:00Z,7249.293333333334
2020-04-08T15:00:00Z,7253.499592592594
2020-04-08T16:00:00Z,7281.202037037038
2020-04-08T17:00:00Z,7310.75211111111
2020-04-08T18:00:00Z,7333.024629629629
2020-04-08T19:00:00Z,7339.204629629629
2020-04-08T20:00:00Z,7336.339703703703
2020-04-08T21:00:00Z,7335.029481481483
2020-04-08T22:00:00Z,7345.211148148149
2020-04-08T23:00:00Z,7361.419962962963
2020-04-09T00:00:00Z,7370.849333333333
2020-04-09T01:00:00Z,7361.767814814814
2020-04-09T02:00:00Z,7344.092592592592
2020-04-09T03:00:00Z,7317.713259259258
2020-04-09T04:00:00Z,7296.417407407407
2020-04-09T05:00:00Z,7290.400629629631
2020-04-09T06:00:00Z,7297.842629629631
2020-04-09T07:00:00Z,7316.2667407407425
2020-04-09T08:00:00Z,7335.178703703703
2020-04-09T09:00:00Z,7336.54311111111
2020-04-09T10:00:00Z,7330.106814814814
2020-04-09T11:00:00Z,7280.998888888888
2020-04-09T12:00:00Z,7261.316037037036
2020-04-09T13:00:00Z,7275.225851851853
2020-04-09T14:00:00Z,7307.17351851852
2020-04-09T15:00:00Z,7323.816037037036
2020-04-09T16:00:00Z,7316.914925925925
2020-04-09T17:00:00Z,7304.575703703704
2020-04-09T18:00:00Z,7285.123407407406
2020-04-09T19:00:00Z,7271.631999999999
2020-04-09T20:00:00Z,7273.622111111111
2020-04-09T21:00:00Z,7290.214592592593
2020-04-09T22:00:00Z,7311.579703703704
2020-04-09T23:00:00Z,7318.413074074076
2020-04-10T00:00:00Z,7315.387592592592
2020-04-10T01:00:00Z,7298.419481481481
2020-04-10T02:00:00Z,7277.052111111111
2020-04-10T03:00:00Z,7236.154444444444
2020-04-10T04:00:00Z,7184.079518518517
2020-04-10T05:00:00Z,7083.391592592593
2020-04-10T06:00:00Z,6983.229814814816
2020-04-10T07:00:00Z,6903.622407407408
2020-04-10T08:00:00Z,6863.27637037037
2020-04-10T09:00:00Z,6860.340777777778
2020-04-10T10:00:00Z,6878.462555555554
2020-04-10T11:00:00Z,6891.702111111113
2020-04-10T12:00:00Z,6905.996222222223
2020-04-10T13:00:00Z,6911.970333333334
2020-04-10T14:00:00Z,6896.31748148148
2020-04-10T15:00:00Z,6847.858851851849
2020-04-10T16:00:00Z,6822.80174074074
2020-04-10T17:00:00Z,6824.657296296296
2020-04-10T18:00:00Z,6860.567925925927
2020-04-10T19:00:00Z,6901.045074074074
2020-04-10T20:00:00Z,6927.79751851852
2020-04-10T21:00:00Z,6934.88137037037
2020-04-10T22:00:00Z,6917.38225925926
2020-04-10T23:00:00Z,6892.859962962962
2020-04-11T00:00:00Z,6884.840851851852
2020-04-11T01:00:00Z,6893.75174074074
2020-04-11T02:00:00Z,6910.029296296297
2020-04-11T03:00:00Z,6923.237444444446
2020-04-11T04:00:00Z,6929.496925925927
2020-04-11T05:00:00Z,6935.324037037037
2020-04-11T06:00:00Z,6939.532925925926
2020-04-11T07:00:00Z,6927.497148148148
2020-04-11T08:00:00Z,6907.82562962963
2020-04-11T09:00:00Z,6883.908777777778
2020-04-11T10:00:00Z,6860.876037037037
2020-04-11T11:00:00Z,6856.860555555555
2020-04-11T12:00:00Z,6862.777222222223
2020-04-11T13:00:00Z,6867.140925925927
2020-04-11T14:00:00Z,6856.129481481483
2020-04-11T15:00:00Z,6842.702370370372
2020-04-11T16:00:00Z,6828.380111111111
2020-04-11T17:00:00Z,6811.303
2020-04-11T18:00:00Z,6805.099444444444
2020-04-11T19:00:00Z,6802.948074074074
2020-04-11T20:00:00Z,6800.0706666666665
2020-04-11T21:00:00Z,6819.130629629629
2020-04-11T22:00:00Z,6845.082740740741
2020-04-11T23:00:00Z,6875.517666666667
2020-04-12T00:00:00Z,6892.591777777779
2020-04-12T01:00:00Z,6890.720592592593
2020-04-12T02:00:00Z,6871.452999999999
2020-04-12T03:00:00Z,6844.227518518518
2020-04-12T04:00:00Z,6825.038222222222
2020-04-12T05:00:00Z,6820.742481481483
2020-04-12T06:00:00Z,6824.048148148148
2020-04-12T07:00:00Z,6830.739185185186
2020-04-12T08:00:00Z,6836.263370370371
2020-04-12T09:00:00Z,6844.481666666667
2020-04-12T10:00:00Z,6848.725777777778
2020-04-12T11:00:00Z,6855.117703703702
2020-04-12T12:00:00Z,6880.312185185186
2020-04-12T13:00:00Z,6912.373814814815
2020-04-12T14:00:00Z,6954.95485185185
2020-04-12T15:00:00Z,7005.572814814815
2020-04-12T16:00:00Z,7084.708740740741
2020-04-12T17:00:00Z,7148.306407407406
2020-04-12T18:00:00Z,7181.688185185186
2020-04-12T19:00:00Z,7185.106111111112
2020-04-12T20:00:00Z,7168.884407407409
2020-04-12T21:00:00Z,7152.78425925926
2020-04-12T22:00:00Z,7115.466666666667
2020-04-12T23:00:00Z,7033.008222222223
2020-04-13T00:00:00Z,6889.381703703704
2020-04-13T01:00:00Z,6740.449185185185
2020-04-13T02:00:00Z,6645.857740740742
2020-04-13T03:00:00Z,6607.22648148148
2020-04-13T04:00:00Z,6613.274777777777
2020-04-13T05:00:00Z,6638.134925925925
2020-04-13T06:00:00Z,6676.853777777778
2020-04-13T07:00:00Z,6703.457148148148
2020-04-13T08:00:00Z,6717.894629629631
2020-04-13T09:00:00Z,6714.152555555556
2020-04-13T10:00:00Z,6714.8
2020-04-13T11:00:00Z,6738.815037037038
2020-04-13T12:00:00Z,6746.722962962965
2020-04-13T13:00:00Z,6715.147407407409
2020-04-13T14:00:00Z,6695.56974074074
2020-04-13T15:00:00Z,6709.01774074074
2020-04-13T16:00:00Z,6742.8447777777765
2020-04-13T17:00:00Z,6773.2694814814795
2020-04-13T18:00:00Z,6785.149777777778
2020-04-13T19:00:00Z,6790.839814814816
2020-04-13T20:00:00Z,6806.576000000001
2020-04-13T21:00:00Z,6831.101999999999
2020-04-13T22:00:00Z,6865.824259259258
2020-04-13T23:00:00Z,6886.747111111111
2020-04-14T00:00:00Z,6887.32311111111
2020-04-14T01:00:00Z,6879.968703703703
2020-04-14T02:00:00Z,6872.269888888889
2020-04-14T03:00:00Z,6879.947851851853
2020-04-14T04:00:00Z,6893.164814814813
2020-04-14T05:00:00Z,6904.0974074074065
2020-04-14T06:00:00Z,6904.724185185184
2020-04-14T07:00:00Z,6882.234074074074
2020-04-14T08:00:00Z,6841.629296296298
2020-04-14T09:00:00Z,6821.906333333335
2020-04-14T10:00:00Z,6817.854629629629
2020-04-14T11:00:00Z,6827.524666666667
2020-04-14T12:00:00Z,6842.006333333334
2020-04-14T13:00:00Z,6868.811740740741
2020-04-14T14:00:00Z,6895.780888888888
2020-04-14T15:00:00Z,6920.027074074074
2020-04-14T16:00:00Z,6947.334296296296
2020-04-14T17:00:00Z,6958.892592592591
2020-04-14T18:00:00Z,6954.886777777778
2020-04-14T19:00:00Z,6943.589111111111
2020-04-14T20:00:00Z,6915.630888888889
2020-04-14T21:00:00Z,6883.824888888889
2020-04-14T22:00:00Z,6864.898740740739
2020-04-14T23:00:00Z,6858.647444444443
2020-04-15T00:00:00Z,6851.810185185183
2020-04-15T01:00:00Z,6856.4305185185185
2020-04-15T02:00:00Z,6870.6998888888875
2020-04-15T03:00:00Z,6892.632333333332
2020-04-15T04:00:00Z,6908.650333333332
2020-04-15T05:00:00Z,6919.746999999999
2020-04-15T06:00:00Z,6917.587629629629
2020-04-15T07:00:00Z,6902.901185185184
2020-04-15T08:00:00Z,6879.370925925927
2020-04-15T09:00:00Z,6854.442185185185
2020-04-15T10:00:00Z,6820.430037037037
2020-04-15T11:00:00Z,6788.192148148149
2020-04-15T12:00:00Z,6746.775925925926
2020-04-15T13:00:00Z,6716.534518518519
2020-04-15T14:00:00Z,6699.9257777777775
2020-04-15T15:00:00Z,6690.5905555555555
2020-04-15T16:00:00Z,6697.844111111111
2020-04-15T17:00:00Z,6717.194444444444
2020-04-15T18:00:00Z,6740.850481481483
2020-04-15T19:00:00Z,6751.323407407409
2020-04-15T20:00:00Z,6755.1617777777765
2020-04-15T21:00:00Z,6749.526555555553
2020-04-15T22:00:00Z,6736.121407407406
2020-04-15T23:00:00Z,6694.732888888888
2020-04-16T00:00:00Z,6631.9397407407405
2020-04-16T01:00:00Z,6591.279148148148
2020-04-16T02:00:00Z,6585.221296296298
2020-04-16T03:00:00Z,6608.138666666667
2020-04-16T04:00:00Z,6629.205296296298
2020-04-16T05:00:00Z,6641.76388888889
2020-04-16T06:00:00Z,6662.106111111112
2020-04-16T07:00:00Z,6745.08451851852
2020-04-16T08:00:00Z,6892.370222222221
2020-04-16T09:00:00Z,7033.269481481481
2020-04-16T10:00:00Z,7098.548888888887
2020-04-16T11:00:00Z,7109.176962962963
2020-04-16T12:00:00Z,7101.903703703702
2020-04-16T13:00:00Z,7073.75725925926
2020-04-16T14:00:00Z,7052.7697777777785
2020-04-16T15:00:00Z,7045.162370370371
2020-04-16T16:00:00Z,7036.680888888891
2020-04-16T17:00:00Z,7028.980185185188
2020-04-16T18:00:00Z,7020.100555555556
2020-04-16T19:00:00Z,7033.6646666666675
2020-04-16T20:00:00Z,7052.829000000001
2020-04-16T21:00:00Z,7074.5138888888905
2020-04-16T22:00:00Z,7116.4515925925925
2020-04-16T23:00:00Z,7140.962185185185
2020-04-17T00:00:00Z,7138.654555555557
2020-04-17T01:00:00Z,7128.766111111111
2020-04-17T02:00:00Z,7104.286037037037
2020-04-17T03:00:00Z,7090.390111111112
2020-04-17T04:00:00Z,7071.6814814814825
2020-04-17T05:00:00Z,7062.271037037038
2020-04-17T06:00:00Z,7057.330000000002
2020-04-17T07:00:00Z,7055.362259259259
2020-04-17T08:00:00Z,7059.6220370370365
2020-04-17T09:00:00Z,7076.790074074073
2020-04-17T10:00:00Z,7098.132296296295
2020-04-17T11:00:00Z,7106.611481481482
2020-04-17T12:00:00Z,7111.068111111112
2020-04-17T13:00:00Z,7099.999740740742
2020-04-17T14:00:00Z,7074.891703703703
2020-04-17T15:00:00Z,7051.272888888889
2020-04-17T16:00:00Z,7041.730111111111
2020-04-17T17:00:00Z,7041.222296296296
2020-04-17T18:00:00Z,7042.205037037037
2020-04-17T19:00:00Z,7051.57914814815
2020-04-17T20:00:00Z,7058.911407407407
2020-04-17T21:00:00Z,7061.174999999999
2020-04-17T22:00:00Z,7061.895777777776
2020-04-17T23:00:00Z,7053.810518518517
2020-04-18T00:00:00Z,7056.518555555555
2020-04-18T01:00:00Z,7068.848814814814
2020-04-18T02:00:00Z,7083.700666666668
2020-04-18T03:00:00Z,7098.253925925927
2020-04-18T04:00:00Z,7104.37737037037
2020-04-18T05:00:00Z,7110.000851851851
2020-04-18T06:00:00Z,7110.804740740739
2020-04-18T07:00:00Z,7109.558259259258
2020-04-18T08:00:00Z,7106.838555555555
2020-04-18T09:00:00Z,7103.066666666666
2020-04-18T10:00:00Z,7097.465296296296
2020-04-18T11:00:00Z,7099.269037037037
2020-04-18T12:00:00Z,7113.466777777777
2020-04-18T13:00:00Z,7164.441962962963
2020-04-18T14:00:00Z,7219.922000000001
2020-04-18T15:00:00Z,7264.12477777778
2020-04-18T16:00:00Z,7268.135851851853
2020-04-18T17:00:00Z,7246.807518518518
2020-04-18T18:00:00Z,7220.153222222222
2020-04-18T19:00:00Z,7208.909074074075
2020-04-18T20:00:00Z,7214.588777777778
2020-04-18T21:00:00Z,7225.102555555556
2020-04-18T22:00:00Z,7247.554962962963
2020-04-18T23:00:00Z,7264.972925925926
2020-04-19T00:00:00Z,7267.124925925925
2020-04-19T01:00:00Z,7257.764851851852
2020-04-19T02:00:00Z,7246.57025925926
2020-04-19T03:00:00Z,7239.917222222223
2020-04-19T04:00:00Z,7235.7721111111105
2020-04-19T05:00:00Z,7201.4643703703705
2020-04-19T06:00:00Z,7166.8661481481495
2020-04-19T07:00:00Z,7140.659888888888
2020-04-19T08:00:00Z,7131.1343333333325
2020-04-19T09:00:00Z,7142.451592592592
2020-04-19T10:00:00Z,7158.578185185186
2020-04-19T11:00:00Z,7170.756111111113
2020-04-19T12:00:00Z,7174.643555555555
2020-04-19T13:00:00Z,7155.146074074076
2020-04-19T14:00:00Z,7129.364333333334
2020-04-19T15:00:00Z,7105.571481481481
2020-04-19T16:00:00Z,7099.956925925927
2020-04-19T17:00:00Z,7119.480592592593
2020-04-19T18:00:00Z,7143.662037037039
2020-04-19T19:00:00Z,7158.399962962964
2020-04-19T20:00:00Z,7161.642185185185
2020-04-19T21:00:00Z,7172.4451851851845
2020-04-19T22:00:00Z,7184.591074074074
2020-04-19T23:00:00Z,7178.014037037035
2020-04-20T00:00:00Z,7171.537555555555
2020-04-20T01:00:00Z,7166.081185185183
2020-04-20T02:00:00Z,7171.438518518517
2020-04-20T03:00:00Z,7178.710740740741
2020-04-20T04:00:00Z,7184.087407407409
2020-04-20T05:00:00Z,7185.775629629631
2020-04-20T06:00:00Z,7183.6083333333345
2020-04-20T07:00:00Z,7186.57225925926
2020-04-20T08:00:00Z,7181.218148148148
2020-04-20T09:00:00Z,7171.163814814815
2020-04-20T10:00:00Z,7137.428
2020-04-20T11:00:00Z,7065.909148148147
2020-04-20T12:00:00Z,7013.082111111111
2020-04-20T13:00:00Z,6986.01688888889
2020-04-20T14:00:00Z,7002.609333333334
2020-04-20T15:00:00Z,7038.22688888889
2020-04-20T16:00:00Z,7062.574370370371
2020-04-20T17:00:00Z,7018.394740740742
2020-04-20T18:00:00Z,6939.697777777778
2020-04-20T19:00:00Z,6835.075259259259
2020-04-20T20:00:00Z,6782.03437037037
2020-04-20T21:00:00Z,6777.701407407408
2020-04-20T22:00:00Z,6812.006222222223
2020-04-20T23:00:00Z,6839.111037037037
2020-04-21T00:00:00Z,6863.435925925925
2020-04-21T01:00:00Z,6879.8194444444425
2020-04-21T02:00:00Z,6880.6968518518515
2020-04-21T03:00:00Z,6877.19951851852
2020-04-21T04:00:00Z,6869.151481481481
2020-04-21T05:00:00Z,6874.249333333332
2020-04-21T06:00:00Z,6883.949148148146
2020-04-21T07:00:00Z,6894.543592592592
2020-04-21T08:00:00Z,6894.57925925926
2020-04-21T09:00:00Z,6878.996925925926
2020-04-21T10:00:00Z,6850.996814814815
2020-04-21T11:00:00Z,6819.120296296297
2020-04-21T12:00:00Z,6799.326259259261
2020-04-21T13:00:00Z,6803.159
2020-04-21T14:00:00Z,6813.409999999999
2020-04-21T15:00:00Z,6827.619074074074
2020-04-21T16:00:00Z,6842.070444444446
2020-04-21T17:00:00Z,6868.327259259259
2020-04-21T18:00:00Z,6891.587518518519
2020-04-21T19:00:00Z,6901.76251851852
2020-04-21T20:00:00Z,6905.285444444446
2020-04-21T21:00:00Z,6905.9172592592595
2020-04-21T22:00:00Z,6908.013000000002
2020-04-21T23:00:00Z,6894.6648888888885
2020-04-22T00:00:00Z,6871.006
2020-04-22T01:00:00Z,6853.175925925927
2020-04-22T02:00:00Z,6851.941296296296
2020-04-22T03:00:00Z,6860.262
2020-04-22T04:00:00Z,6866.477814814815
2020-04-22T05:00:00Z,6882.5479259259255
2020-04-22T06:00:00Z,6909.960148148147
2020-04-22T07:00:00Z,6939.917407407406
2020-04-22T08:00:00Z,6964.548592592593
2020-04-22T09:00:00Z,6977.019407407409
2020-04-22T10:00:00Z,6976.153444444445
2020-04-22T11:00:00Z,6973.2223703703685
2020-04-22T12:00:00Z,6970.122814814814
2020-04-22T13:00:00Z,7000.793888888888
2020-04-22T14:00:00Z,7054.4627407407415
2020-04-22T15:00:00Z,7112.78062962963
2020-04-22T16:00:00Z,7154.231259259261
2020-04-22T17:00:00Z,7158.112481481482
2020-04-22T18:00:00Z,7143.401185185186
2020-04-22T19:00:00Z,7121.621407407408
2020-04-22T20:00:00Z,7112.06988888889
2020-04-22T21:00:00Z,7107.638740740739
2020-04-22T22:00:00Z,7111.264555555555
2020-04-22T23:00:00Z,7121.763333333332
2020-04-23T00:00:00Z,7130.058777777777
2020-04-23T01:00:00Z,7150.587851851852
2020-04-23T02:00:00Z,7157.994777777778
2020-04-23T03:00:00Z,7151.676592592593
2020-04-23T04:00:00Z,7141.503962962964
2020-04-23T05:00:00Z,7125.583481481481
2020-04-23T06:00:00Z,7093.751518518518
2020-04-23T07:00:00Z,7065.087111111112
2020-04-23T08:00:00Z,7053.308037037038
2020-04-23T09:00:00Z,7064.06214814815
2020-04-23T10:00:00Z,7075.313851851853
2020-04-23T11:00:00Z,7099.696259259258
2020-04-23T12:00:00Z,7136.085518518518
2020-04-23T13:00:00Z,7194.761407407407
2020-04-23T14:00:00Z,7339.6504444444445
2020-04-23T15:00:00Z,7493.081296296298
2020-04-23T16:00:00Z,7597.431148148149
2020-04-23T17:00:00Z,7644.182148148148
2020-04-23T18:00:00Z,7637.379185185183
2020-04-23T19:00:00Z,7608.040148148149
2020-04-23T20:00:00Z,7578.142481481482
2020-04-23T21:00:00Z,7576.1826666666675
2020-04-23T22:00:00Z,7581.012296296297
2020-04-23T23:00:00Z,7562.153370370371
2020-04-24T00:00:00Z,7529.838888888888
2020-04-24T01:00:00Z,7495.208740740741
2020-04-24T02:00:00Z,7486.327481481482
2020-04-24T03:00:00Z,7497.625185185185
2020-04-24T04:00:00Z,7521.18925925926
2020-04-24T05:00:00Z,7526.894740740743
2020-04-24T06:00:00Z,7530.646407407409
2020-04-24T07:00:00Z,7545.291555555556
2020-04-24T08:00:00Z,7560.781555555557
2020-04-24T09:00:00Z,7578.040740740741
2020-04-24T10:00:00Z,7574.153074074075
2020-04-24T11:00:00Z,7546.231333333333
2020-04-24T12:00:00Z,7515.366037037037
2020-04-24T13:00:00Z,7487.243074074074
2020-04-24T14:00:00Z,7478.410444444445
2020-04-24T15:00:00Z,7484.477925925927
2020-04-24T16:00:00Z,7500.607444444446
2020-04-24T17:00:00Z,7514.774962962964
2020-04-24T18:00:00Z,7524.868851851851
2020-04-24T19:00:00Z,7532.305481481481
2020-04-24T20:00:00Z,7536.354851851852
2020-04-24T21:00:00Z,7529.50348148148
2020-04-24T22:00:00Z,7513.503518518519
2020-04-24T23:00:00Z,7503.438407407407
2020-04-25T00:00:00Z,7490.331925925926
2020-04-25T01:00:00Z,7484.430222222222
2020-04-25T02:00:00Z,7485.448814814816
2020-04-25T03:00:00Z,7499.362925925925
2020-04-25T04:00:00Z,7517.8820000000005
2020-04-25T05:00:00Z,7544.246037037036
2020-04-25T06:00:00Z,7573.255777777779
2020-04-25T07:00:00Z,7588.683925925925
2020-04-25T08:00:00Z,7588.3345925925905
2020-04-25T09:00:00Z,7580.547703703702
2020-04-25T10:00:00Z,7573.453555555555
2020-04-25T11:00:00Z,7561.44674074074
2020-04-25T12:00:00Z,7554.732888888891
2020-04-25T13:00:00Z,7565.778888888887
2020-04-25T14:00:00Z,7581.16588888889
2020-04-25T15:00:00Z,7578.724185185187
2020-04-25T16:00:00Z,7567.946444444445
2020-04-25T17:00:00Z,7553.428925925927
2020-04-25T18:00:00Z,7541.860814814812
2020-04-25T19:00:00Z,7540.359444444442
2020-04-25T20:00:00Z,7544.522703703701
2020-04-25T21:00:00Z,7543.566666666666
2020-04-25T22:00:00Z,7542.295629629628
2020-04-25T23:00:00Z,7541.8379259259245
2020-04-26T00:00:00Z,7551.235481481482
2020-04-26T01:00:00Z,7565.0543333333335
2020-04-26T02:00:00Z,7576.387333333335
2020-04-26T03:00:00Z,7583.35325925926
2020-04-26T04:00:00Z,7582.5960000000005
2020-04-26T05:00:00Z,7570.481074074073
2020-04-26T06:00:00Z,7559.616518518519
2020-04-26T07:00:00Z,7552.187111111111
2020-04-26T08:00:00Z,7551.094666666669
2020-04-26T09:00:00Z,7563.205962962963
2020-04-26T10:00:00Z,7598.208962962964
2020-04-26T11:00:00Z,7642.74125925926
2020-04-26T12:00:00Z,7674.703666666667
2020-04-26T13:00:00Z,7697.811925925926
2020-04-26T14:00:00Z,7695.543592592592
2020-04-26T15:00:00Z,7652.344518518516
2020-04-26T16:00:00Z,7601.786481481482
2020-04-26T17:00:00Z,7568.028481481483
2020-04-26T18:00:00Z,7572.1552222222235
2020-04-26T19:00:00Z,7605.979629629631
2020-04-26T20:00:00Z,7642.06551851852
2020-04-26T21:00:00Z,7660.800851851852
2020-04-26T22:00:00Z,7657.211666666667
2020-04-26T23:00:00Z,7667.647888888889
2020-04-27T00:00:00Z,7701.882333333334
2020-04-27T01:00:00Z,7729.800407407408
2020-04-27T02:00:00Z,7752.4444814814815
2020-04-27T03:00:00Z,7760.366666666668
2020-04-27T04:00:00Z,7760.239296296295
2020-04-27T05:00:00Z,7746.620296296293
2020-04-27T06:00:00Z,7714.625703703702
2020-04-27T07:00:00Z,7693.093925925925
2020-04-27T08:00:00Z,7687.896148148148
2020-04-27T09:00:00Z,7695.611
2020-04-27T10:00:00Z,7703.706444444444
2020-04-27T11:00:00Z,7712.7579259259255
2020-04-27T12:00:00Z,7715.453592592593
2020-04-27T13:00:00Z,7713.799851851853
2020-04-27T14:00:00Z,7701.772814814815
2020-04-27T15:00:00Z,7691.036518518517
2020-04-27T16:00:00Z,7680.0573333333305
2020-04-27T17:00:00Z,7671.213703703703
2020-04-27T18:00:00Z,7680.755296296295
2020-04-27T19:00:00Z,7695.428481481481
2020-04-27T20:00:00Z,7710.15348148148
2020-04-27T21:00:00Z,7725.990037037035
2020-04-27T22:00:00Z,7749.6750370370355
2020-04-27T23:00:00Z,7777.357629629628
2020-04-28T00:00:00Z,7789.097185185184
2020-04-28T01:00:00Z,7768.056851851851
2020-04-28T02:00:00Z,7736.657444444446
2020-04-28T03:00:00Z,7710.414629629631
2020-04-28T04:00:00Z,7694.044851851853
2020-04-28T05:00:00Z,7690.374444444445
2020-04-28T06:00:00Z,7697.248148148149
2020-04-28T07:00:00Z,7705.807259259259
2020-04-28T08:00:00Z,7707.8244814814825
2020-04-28T09:00:00Z,7721.779074074075
2020-04-28T10:00:00Z,7739.914925925926
2020-04-28T11:00:00Z,7753.3069259259255
2020-04-28T12:00:00Z,7765.437296296296
2020-04-28T13:00:00Z,7762.079629629629
2020-04-28T14:00:00Z,7739.243111111111
2020-04-28T15:00:00Z,7720.38488888889
2020-04-28T16:00:00Z,7714.569296296297
2020-04-28T17:00:00Z,7722.117000000001
2020-04-28T18:00:00Z,7736.419000000002
2020-04-28T19:00:00Z,7741.168000000001
2020-04-28T20:00:00Z,7740.9442592592595
2020-04-28T21:00:00Z,7740.763444444444
2020-04-28T22:00:00Z,7746.984777777779
2020-04-28T23:00:00Z,7754.351481481481
2020-04-29T00:00:00Z,7756.785703703706
2020-04-29T01:00:00Z,7762.230296296298
2020-04-29T02:00:00Z,7775.289407407409
2020-04-29T03:00:00Z,7798.803407407407
2020-04-29T04:00:00Z,7830.935296296296
2020-04-29T05:00:00Z,7863.651777777777
2020-04-29T06:00:00Z,7913.357148148149
2020-04-29T07:00:00Z,7958.781407407409
2020-04-29T08:00:00Z,7987.183444444447
2020-04-29T09:00:00Z,8006.811296296296
2020-04-29T10:00:00Z,8056.0086666666675
2020-04-29T11:00:00Z,8118.711592592593
2020-04-29T12:00:00Z,8207.67485185185
2020-04-29T13:00:00Z,8297.785629629629
2020-04-29T14:00:00Z,8376.082074074073
2020-04-29T15:00:00Z,8429.067296296296
2020-04-29T16:00:00Z,8515.762518518519
2020-04-29T17:00:00Z,8638.700962962963
2020-04-29T18:00:00Z,8724.789407407408
2020-04-29T19:00:00Z,8785.731111111112
2020-04-29T20:00:00Z,8864.904962962963
2020-04-29T21:00:00Z,8924.326925925925
2020-04-29T22:00:00Z,8926.14062962963
2020-04-29T23:00:00Z,8887.429444444446
2020-04-30T00:00:00Z,8842.715703703705
2020-04-30T01:00:00Z,8830.027925925926
2020-04-30T02:00:00Z,8873.545185185185
2020-04-30T03:00:00Z,9034.459851851852
2020-04-30T04:00:00Z,9180.934592592594
2020-04-30T05:00:00Z,9333.926703703704
2020-04-30T06:00:00Z,9418.279037037035
2020-04-30T07:00:00Z,9397.558407407407
2020-04-30T08:00:00Z,9304.024185185184
2020-04-30T09:00:00Z,9050.575888888889
2020-04-30T10:00:00Z,8851.945703703705
2020-04-30T11:00:00Z,8734.05362962963
2020-04-30T12:00:00Z,8692.736296296296
2020-04-30T13:00:00Z,8725.731259259259
2020-04-30T14:00:00Z,8766.593148148148
2020-04-30T15:00:00Z,8789.89685185185
2020-04-30T16:00:00Z,8764.72737037037
2020-04-30T17:00:00Z,8678.206925925928
2020-04-30T18:00:00Z,8616.149925925927
2020-04-30T19:00:00Z,8648.538296296298
2020-04-30T20:00:00Z,8732.464111111112
2020-04-30T21:00:00Z,8797.76062962963
2020-04-30T22:00:00Z,8818.12174074074
2020-04-30T23:00:00Z,8761.254666666666
2020-05-01T00:00:00Z,8710.292481481481
2020-05-01T01:00:00Z,8667.619481481483
2020-05-01T02:00:00Z,8668.264925925927
2020-05-01T03:00:00Z,8675.462074074074
2020-05-01T04:00:00Z,8715.52174074074
2020-05-01T05:00:00Z,8769.686592592592
2020-05-01T06:00:00Z,8799.600962962964
2020-05-01T07:00:00Z,8810.928851851852
2020-05-01T08:00:00Z,8810.59811111111
2020-05-01T09:00:00Z,8825.760222222223
2020-05-01T10:00:00Z,8866.974148148149
2020-05-01T11:00:00Z,8940.870703703704
2020-05-01T12:00:00Z,8973.574296296296
2020-05-01T13:00:00Z,8939.861444444445
2020-05-01T14:00:00Z,8880.431444444444
2020-05-01T15:00:00Z,8798.492
2020-05-01T16:00:00Z,8736.757370370371
2020-05-01T17:00:00Z,8709.669703703703
2020-05-01T18:00:00Z,8704.57325925926
2020-05-01T19:00:00Z,8710.581629629629
2020-05-01T20:00:00Z,8717.44688888889
2020-05-01T21:00:00Z,8758.345259259258
2020-05-01T22:00:00Z,8809.760777777778
2020-05-01T23:00:00Z,8848.73448148148
2020-05-02T00:00:00Z,8866.405444444446
2020-05-02T01:00:00Z,8853.835555555557
2020-05-02T02:00:00Z,8836.26977777778
2020-05-02T03:00:00Z,8830.1822962963
2020-05-02T04:00:00Z,8830.114111111112
2020-05-02T05:00:00Z,8831.251148148147
2020-05-02T06:00:00Z,8831.313222222221
2020-05-02T07:00:00Z,8823.61777777778
2020-05-02T08:00:00Z,8805.818259259258
2020-05-02T09:00:00Z,8799.709851851852
2020-05-02T10:00:00Z,8806.975592592591
2020-05-02T11:00:00Z,8826.603333333334
2020-05-02T12:00:00Z,8852.223296296297
2020-05-02T13:00:00Z,8884.24674074074
2020-05-02T14:00:00Z,8917.745555555555
2020-05-02T15:00:00Z,8947.89625925926
2020-05-02T16:00:00Z,8979.58637037037
2020-05-02T17:00:00Z,8999.68737037037
2020-05-02T18:00:00Z,8976.670333333333
2020-05-02T19:00:00Z,8933.993925925924
2020-05-02T20:00:00Z,8908.746259259258
2020-05-02T21:00:00Z,8907.635
2020-05-02T22:00:00Z,8925.688074074074
2020-05-02T23:00:00Z,8954.943333333335
2020-05-03T00:00:00Z,9025.001444444446
2020-05-03T01:00:00Z,9100.800444444445
2020-05-03T02:00:00Z,9143.606222222223
2020-05-03T03:00:00Z,9166.490888888888
2020-05-03T04:00:00Z,9161.571925925928
2020-05-03T05:00:00Z,9144.368
2020-05-03T06:00:00Z,9097.76674074074
2020-05-03T07:00:00Z,9039.780888888889
2020-05-03T08:00:00Z,9005.142444444444
2020-05-03T09:00:00Z,9020.705444444444
2020-05-03T10:00:00Z,9044.19322222222
2020-05-03T11:00:00Z,9059.260222222221
2020-05-03T12:00:00Z,9033.963814814813
2020-05-03T13:00:00Z,8982.96051851852
2020-05-03T14:00:00Z,8888.596555555556
2020-05-03T15:00:00Z,8809.32788888889
2020-05-03T16:00:00Z,8776.067518518517
2020-05-03T17:00:00Z,8774.199148148147
2020-05-03T18:00:00Z,8799.51574074074
2020-05-03T19:00:00Z,8832.545777777777
2020-05-03T20:00:00Z,8853.188555555556
2020-05-03T21:00:00Z,8863.907259259258
2020-05-03T22:00:00Z,8880.802777777777
2020-05-03T23:00:00Z,8899.36937037037
2020-05-04T00:00:00Z,8888.234518518519
2020-05-04T01:00:00Z,8823.123629629632
2020-05-04T02:00:00Z,8756.588962962962
2020-05-04T03:00:00Z,8710.23211111111
2020-05-04T04:00:00Z,8684.797185185185
2020-05-04T05:00:00Z,8650.615
2020-05-04T06:00:00Z,8618.922444444443
2020-05-04T07:00:00Z,8608.040259259258
2020-05-04T08:00:00Z,8630.919925925926
2020-05-04T09:00:00Z,8648.715259259261
2020-05-04T10:00:00Z,8650.877185185185
2020-05-04T11:00:00Z,8657.602148148146
2020-05-04T12:00:00Z,8680.085074074073
2020-05-04T13:00:00Z,8747.399555555556
2020-05-04T14:00:00Z,8804.893703703705
2020-05-04T15:00:00Z,8855.511555555559
2020-05-04T16:00:00Z,8879.162296296296
2020-05-04T17:00:00Z,8873.833111111111
2020-05-04T18:00:00Z,8869.162111111109
2020-05-04T19:00:00Z,8861.220592592594
2020-05-04T20:00:00Z,8879.539925925927
2020-05-04T21:00:00Z,8917.975888888888
2020-05-04T22:00:00Z,8935.135148148149
2020-05-04T23:00:00Z,8929.62388888889
2020-05-05T00:00:00Z,8916.981666666667
2020-05-05T01:00:00Z,8904.494333333332
2020-05-05T02:00:00Z,8890.150629629628
2020-05-05T03:00:00Z,8874.497666666664
2020-05-05T04:00:00Z,8919.043814814817
2020-05-05T05:00:00Z,8980.522222222224
2020-05-05T06:00:00Z,9040.021851851852
2020-05-05T07:00:00Z,9067.037925925926
2020-05-05T08:00:00Z,9069.671925925924
2020-05-05T09:00:00Z,9053.746222222222
2020-05-05T10:00:00Z,8987.195185185185
2020-05-05T11:00:00Z,8907.785518518516
2020-05-05T12:00:00Z,8849.273074074072
2020-05-05T13:00:00Z,8842.196666666667
2020-05-05T14:00:00Z,8858.016370370371
2020-05-05T15:00:00Z,8865.529629629631
2020-05-05T16:00:00Z,8869.073074074076
2020-05-05T17:00:00Z,8869.720629629632
2020-05-05T18:00:00Z,8879.365851851851
2020-05-05T19:00:00Z,8897.03985185185
2020-05-05T20:00:00Z,8923.811037037036
2020-05-05T21:00:00Z,8956.357666666669
2020-05-05T22:00:00Z,8982.778333333334
2020-05-05T23:00:00Z,9012.430814814816
2020-05-06T00:00:00Z,9013.406629629631
2020-05-06T01:00:00Z,9007.377555555555
2020-05-06T02:00:00Z,8996.398814814815
2020-05-06T03:00:00Z,8988.24414814815
2020-05-06T04:00:00Z,8992.671481481482
2020-05-06T05:00:00Z,9003.248074074072
2020-05-06T06:00:00Z,9019.954333333331
2020-05-06T07:00:00Z,9034.681407407405
2020-05-06T08:00:00Z,9048.100740740738
2020-05-06T09:00:00Z,9071.15951851852
2020-05-06T10:00:00Z,9136.695962962964
2020-05-06T11:00:00Z,9240.460222222222
2020-05-06T12:00:00Z,9309.46288888889
2020-05-06T13:00:00Z,9328.753185185184
2020-05-06T14:00:00Z,9308.368222222221
2020-05-06T15:00:00Z,9290.428666666667
2020-05-06T16:00:00Z,9285.578962962962
2020-05-06T17:00:00Z,9289.515185185184
2020-05-06T18:00:00Z,9283.44437037037
2020-05-06T19:00:00Z,9271.346925925927
2020-05-06T20:00:00Z,9258.567851851853
2020-05-06T21:00:00Z,9263.182703703706
2020-05-06T22:00:00Z,9301.590222222223
2020-05-06T23:00:00Z,9284.069740740742
2020-05-07T00:00:00Z,9244.559925925925
2020-05-07T01:00:00Z,9208.744222222222
2020-05-07T02:00:00Z,9229.321185185185
2020-05-07T03:00:00Z,9273.594407407407
2020-05-07T04:00:00Z,9307.130296296296
2020-05-07T05:00:00Z,9314.952296296296
2020-05-07T06:00:00Z,9297.813407407408
2020-05-07T07:00:00Z,9295.20637037037
2020-05-07T08:00:00Z,9311.735185185185
2020-05-07T09:00:00Z,9329.375518518518
2020-05-07T10:00:00Z,9331.864518518518
2020-05-07T11:00:00Z,9317.98874074074
2020-05-07T12:00:00Z,9328.2067037037
2020-05-07T13:00:00Z,9387.495370370369
2020-05-07T14:00:00Z,9466.949777777774
2020-05-07T15:00:00Z,9535.993
2020-05-07T16:00:00Z,9607.123333333335
2020-05-07T17:00:00Z,9722.667370370371
2020-05-07T18:00:00Z,9825.803962962964
2020-05-07T19:00:00Z,9909.609296296296
2020-05-07T20:00:00Z,9929.971185185186
2020-05-07T21:00:00Z,9929.536444444446
2020-05-07T22:00:00Z,9929.492259259261
2020-05-07T23:00:00Z,9961.56262962963
2020-05-08T00:00:00Z,10013.553148148147
2020-05-08T01:00:00Z,10047.655333333332
2020-05-08T02:00:00Z,10031.515333333333
2020-05-08T03:00:00Z,9993.06925925926
2020-05-08T04:00:00Z,9950.455111111112
2020-05-08T05:00:00Z,9908.480185185186
2020-05-08T06:00:00Z,9847.295111111109
2020-05-08T07:00:00Z,9801.880666666666
2020-05-08T08:00:00Z,9793.793814814815
2020-05-08T09:00:00Z,9808.736074074075
2020-05-08T10:00:00Z,9866.582
2020-05-08T11:00:00Z,9913.727296296298
2020-05-08T12:00:00Z,9918.87677777778
2020-05-08T13:00:00Z,9911.021740740742
2020-05-08T14:00:00Z,9920.761777777778
2020-05-08T15:00:00Z,9942.942222222222
2020-05-08T16:00:00Z,9974.031037037037
2020-05-08T17:00:00Z,9995.887555555557
2020-05-08T18:00:00Z,9981.999185185183
2020-05-08T19:00:00Z,9968.480407407407
2020-05-08T20:00:00Z,9969.713851851851
2020-05-08T21:00:00Z,9989.52522222222
2020-05-08T22:00:00Z,9976.33774074074
2020-05-08T23:00:00Z,9915.748814814813
2020-05-09T00:00:00Z,9862.429481481484
2020-05-09T01:00:00Z,9828.94937037037
2020-05-09T02:00:00Z,9822.859296296296
2020-05-09T03:00:00Z,9834.400925925924
2020-05-09T04:00:00Z,9838.826888888889
2020-05-09T05:00:00Z,9837.435444444447
2020-05-09T06:00:00Z,9792.38514814815
2020-05-09T07:00:00Z,9702.8942962963
2020-05-09T08:00:00Z,9634.502444444448
2020-05-09T09:00:00Z,9611.473703703705
2020-05-09T10:00:00Z,9611.577370370373
2020-05-09T11:00:00Z,9619.095592592594
2020-05-09T12:00:00Z,9632.637555555555
2020-05-09T13:00:00Z,9662.732370370371
2020-05-09T14:00:00Z,9695.19737037037
2020-05-09T15:00:00Z,9712.263037037035
2020-05-09T16:00:00Z,9734.97396296296
2020-05-09T17:00:00Z,9761.77462962963
2020-05-09T18:00:00Z,9776.810370370373
2020-05-09T19:00:00Z,9777.290518518521
2020-05-09T20:00:00Z,9738.144481481482
2020-05-09T21:00:00Z,9676.217037037037
2020-05-09T22:00:00Z,9615.331222222221
2020-05-09T23:00:00Z,9556.770518518519
2020-05-10T00:00:00Z,9273.000814814814
2020-05-10T01:00:00Z,8919.358518518517
2020-05-10T02:00:00Z,8606.653888888888
2020-05-10T03:00:00Z,8433.187925925924
2020-05-10T04:00:00Z,8383.055962962962
2020-05-10T05:00:00Z,8417.71674074074
2020-05-10T06:00:00Z,8477.464222222221
2020-05-10T07:00:00Z,8598.257777777777
2020-05-10T08:00:00Z,8728.159740740739
2020-05-10T09:00:00Z,8807.05137037037
2020-05-10T10:00:00Z,8847.522740740742
2020-05-10T11:00:00Z,8831.375333333335
2020-05-10T12:00:00Z,8790.26425925926
2020-05-10T13:00:00Z,8764.768555555556
2020-05-10T14:00:00Z,8724.301777777779
2020-05-10T15:00:00Z,8684.261962962964
2020-05-10T16:00:00Z,8535.889037037039
2020-05-10T17:00:00Z,8436.410296296299
2020-05-10T18:00:00Z,8389.329481481482
2020-05-10T19:00:00Z,8407.563703703703
2020-05-10T20:00:00Z,8503.023074074074
2020-05-10T21:00:00Z,8620.322074074076
2020-05-10T22:00:00Z,8739.569481481483
2020-05-10T23:00:00Z,8803.14840740741
2020-05-11T00:00:00Z,8827.645592592597
2020-05-11T01:00:00Z,8805.315851851854
2020-05-11T02:00:00Z,8780.608
2020-05-11T03:00:00Z,8748.81011111111
2020-05-11T04:00:00Z,8702.480740740742
2020-05-11T05:00:00Z,8675.679111111112
2020-05-11T06:00:00Z,8663.959592592595
2020-05-11T07:00:00Z,8662.725185185185
2020-05-11T08:00:00Z,8656.361222222222
2020-05-11T09:00:00Z,8597.91425925926
2020-05-11T10:00:00Z,8620.650666666666
2020-05-11T11:00:00Z,8730.285555555552
2020-05-11T12:00:00Z,8853.281222222222
2020-05-11T13:00:00Z,8930.086925925925
2020-05-11T14:00:00Z,8944.810814814819
2020-05-11T15:00:00Z,8933.059592592595
2020-05-11T16:00:00Z,8836.899370370373
2020-05-11T17:00:00Z,8686.24211111111
2020-05-11T18:00:00Z,8565.315037037037
2020-05-11T19:00:00Z,8553.549851851853
2020-05-11T20:00:00Z,8587.996814814815
2020-05-11T21:00:00Z,8614.340777777777
2020-05-11T22:00:00Z,8613.563925925926
2020-05-11T23:00:00Z,8589.232962962964
2020-05-12T00:00:00Z,8582.163999999999
2020-05-12T01:00:00Z,8590.075888888887
2020-05-12T02:00:00Z,8611.95574074074
2020-05-12T03:00:00Z,8656.673888888887
2020-05-12T04:00:00Z,8698.516370370367
2020-05-12T05:00:00Z,8734.904592592593
2020-05-12T06:00:00Z,8745.240296296295
2020-05-12T07:00:00Z,8724.05451851852
2020-05-12T08:00:00Z,8718.078
2020-05-12T09:00:00Z,8738.577740740742
2020-05-12T10:00:00Z,8771.93477777778
2020-05-12T11:00:00Z,8803.822444444444
2020-05-12T12:00:00Z,8812.873037037038
2020-05-12T13:00:00Z,8795.303999999998
2020-05-12T14:00:00Z,8812.374814814813
2020-05-12T15:00:00Z,8845.30688888889
2020-05-12T16:00:00Z,8897.963222222223
2020-05-12T17:00:00Z,8926.88325925926
2020-05-12T18:00:00Z,8935.331888888892
2020-05-12T19:00:00Z,8898.575148148151
2020-05-12T20:00:00Z,8853.60562962963
2020-05-12T21:00:00Z,8807.119555555553
2020-05-12T22:00:00Z,8785.881629629626
2020-05-12T23:00:00Z,8787.815407407408
2020-05-13T00:00:00Z,8836.08425925926
2020-05-13T01:00:00Z,8902.443259259262
2020-05-13T02:00:00Z,8954.983444444444
2020-05-13T03:00:00Z,8972.328703703703
2020-05-13T04:00:00Z,8966.361888888887
2020-05-13T05:00:00Z,8938.766962962962
2020-05-13T06:00:00Z,8918.904333333334
2020-05-13T07:00:00Z,8896.222666666667
2020-05-13T08:00:00Z,8890.13874074074
2020-05-13T09:00:00Z,8897.401333333333
2020-05-13T10:00:00Z,8921.185148148148
2020-05-13T11:00:00Z,8972.279777777776
2020-05-13T12:00:00Z,9040.603296296296
2020-05-13T13:00:00Z,9098.272851851854
2020-05-13T14:00:00Z,9130.620222222224
2020-05-13T15:00:00Z,9152.697666666665
2020-05-13T16:00:00Z,9158.312407407406
2020-05-13T17:00:00Z,9146.703851851851
2020-05-13T18:00:00Z,9124.338814814815
2020-05-13T19:00:00Z,9124.093518518519
2020-05-13T20:00:00Z,9182.390296296298
2020-05-13T21:00:00Z,9279.865555555556
2020-05-13T22:00:00Z,9359.131814814815
2020-05-13T23:00:00Z,9392.795555555558
2020-05-14T00:00:00Z,9383.807925925927
2020-05-14T01:00:00Z,9346.80685185185
2020-05-14T02:00:00Z,9327.810407407407
2020-05-14T03:00:00Z,9330.371592592592
2020-05-14T04:00:00Z,9335.227259259258
2020-05-14T05:00:00Z,9371.182407407405
2020-05-14T06:00:00Z,9416.675703703704
2020-05-14T07:00:00Z,9476.228777777776
2020-05-14T08:00:00Z,9555.710259259258
2020-05-14T09:00:00Z,9681.424148148146
2020-05-14T10:00:00Z,9754.540259259256
2020-05-14T11:00:00Z,9778.790037037035
2020-05-14T12:00:00Z,9731.631185185184
2020-05-14T13:00:00Z,9671.34325925926
2020-05-14T14:00:00Z,9654.536814814817
2020-05-14T15:00:00Z,9684.834444444445
2020-05-14T16:00:00Z,9711.07711111111
2020-05-14T17:00:00Z,9699.035111111112
2020-05-14T18:00:00Z,9681.163407407408
2020-05-14T19:00:00Z,9662.20603703704
2020-05-14T20:00:00Z,9654.96951851852
2020-05-14T21:00:00Z,9690.595333333333
2020-05-14T22:00:00Z,9734.556333333332
2020-05-14T23:00:00Z,9782.115296296295
2020-05-15T00:00:00Z,9806.047814814812
2020-05-15T01:00:00Z,9796.903703703703
2020-05-15T02:00:00Z,9699.835851851853
2020-05-15T03:00:00Z,9570.16351851852
2020-05-15T04:00:00Z,9449.068777777778
2020-05-15T05:00:00Z,9395.992333333334
2020-05-15T06:00:00Z,9416.860703703705
2020-05-15T07:00:00Z,9509.271111111115
2020-05-15T08:00:00Z,9594.447592592593
2020-05-15T09:00:00Z,9645.068777777777
2020-05-15T10:00:00Z,9647.662962962962
2020-05-15T11:00:00Z,9624.859444444444
2020-05-15T12:00:00Z,9579.908407407409
2020-05-15T13:00:00Z,9542.110666666666
2020-05-15T14:00:00Z,9527.57925925926
2020-05-15T15:00:00Z,9505.132185185184
2020-05-15T16:00:00Z,9481.526814814815
2020-05-15T17:00:00Z,9460.136851851852
2020-05-15T18:00:00Z,9453.985
2020-05-15T19:00:00Z,9415.28851851852
2020-05-15T20:00:00Z,9336.629814814814
2020-05-15T21:00:00Z,9304.319962962962
2020-05-15T22:00:00Z,9301.771703703702
2020-05-15T23:00:00Z,9311.241296296295
2020-05-16T00:00:00Z,9337.664111111111
2020-05-16T01:00:00Z,9366.13337037037
2020-05-16T02:00:00Z,9403.269074074073
2020-05-16T03:00:00Z,9426.453518518518
2020-05-16T04:00:00Z,9459.858666666667
2020-05-16T05:00:00Z,9478.458333333334
2020-05-16T06:00:00Z,9489.430962962964
2020-05-16T07:00:00Z,9464.82051851852
2020-05-16T08:00:00Z,9435.223888888888
2020-05-16T09:00:00Z,9411.967555555555
2020-05-16T10:00:00Z,9414.377703703703
2020-05-16T11:00:00Z,9418.524407407409
2020-05-16T12:00:00Z,9436.365666666667
2020-05-16T13:00:00Z,9451.61051851852
2020-05-16T14:00:00Z,9453.850629629631
2020-05-16T15:00:00Z,9430.741
2020-05-16T16:00:00Z,9398.319777777777
2020-05-16T17:00:00Z,9354.25811111111
2020-05-16T18:00:00Z,9307.67196296296
2020-05-16T19:00:00Z,9286.768925925926
2020-05-16T20:00:00Z,9303.183370370369
2020-05-16T21:00:00Z,9340.291259259257
2020-05-16T22:00:00Z,9386.521962962963
2020-05-16T23:00:00Z,9409.873814814817
2020-05-17T00:00:00Z,9441.465740740741
2020-05-17T01:00:00Z,9470.19925925926
2020-05-17T02:00:00Z,9503.821629629632
2020-05-17T03:00:00Z,9537.32151851852
2020-05-17T04:00:00Z,9549.146555555557
2020-05-17T05:00:00Z,9540.582444444444
2020-05-17T06:00:00Z,9535.732592592592
2020-05-17T07:00:00Z,9536.556592592591
2020-05-17T08:00:00Z,9527.538888888887
2020-05-17T09:00:00Z,9510.88340740741
2020-05-17T10:00:00Z,9505.511666666667
2020-05-17T11:00:00Z,9509.61625925926
2020-05-17T12:00:00Z,9594.91314814815
2020-05-17T13:00:00Z,9697.452296296296
2020-05-17T14:00:00Z,9801.461592592592
2020-05-17T15:00:00Z,9868.72585185185
2020-05-17T16:00:00Z,9865.828296296297
2020-05-17T17:00:00Z,9833.36037037037
2020-05-17T18:00:00Z,9791.341629629631
2020-05-17T19:00:00Z,9767.622185185186
2020-05-17T20:00:00Z,9752.836222222222
2020-05-17T21:00:00Z,9751.381666666666
2020-05-17T22:00:00Z,9732.74951851852
2020-05-17T23:00:00Z,9703.453407407409
2020-05-18T00:00:00Z,9704.606555555556
2020-05-18T01:00:00Z,9764.805481481482
2020-05-18T02:00:00Z,9838.471333333333
2020-05-18T03:00:00Z,9891.356000000002
2020-05-18T04:00:00Z,9909.210333333334
2020-05-18T05:00:00Z,9899.279259259261
2020-05-18T06:00:00Z,9857.785555555556
2020-05-18T07:00:00Z,9810.857444444444
2020-05-18T08:00:00Z,9714.244851851852
2020-05-18T09:00:00Z,9612.096074074074
2020-05-18T10:00:00Z,9552.659518518518
2020-05-18T11:00:00Z,9542.246296296295
2020-05-18T12:00:00Z,9577.813185185183
2020-05-18T13:00:00Z,9619.897666666666
2020-05-18T14:00:00Z,9665.618222222221
2020-05-18T15:00:00Z,9686.854111111112
2020-05-18T16:00:00Z,9678.799333333334
2020-05-18T17:00:00Z,9652.328148148148
2020-05-18T18:00:00Z,9635.290962962963
2020-05-18T19:00:00Z,9647.324296296298
2020-05-18T20:00:00Z,9669.070111111112
2020-05-18T21:00:00Z,9688.32288888889
2020-05-18T22:00:00Z,9705.55585185185
2020-05-18T23:00:00Z,9721.81062962963
2020-05-19T00:00:00Z,9707.257333333335
2020-05-19T01:00:00Z,9679.718333333336
2020-05-19T02:00:00Z,9637.381925925927
2020-05-19T03:00:00Z,9577.975444444444
2020-05-19T04:00:00Z,9525.423518518517
2020-05-19T05:00:00Z,9513.130666666666
2020-05-19T06:00:00Z,9527.737111111112
2020-05-19T07:00:00Z,9548.91840740741
2020-05-19T08:00:00Z,9632.786814814815
2020-05-19T09:00:00Z,9727.458296296296
2020-05-19T10:00:00Z,9807.579851851851
2020-05-19T11:00:00Z,9835.248666666666
2020-05-19T12:00:00Z,9778.787148148147
2020-05-19T13:00:00Z,9708.284
2020-05-19T14:00:00Z,9665.235296296296
2020-05-19T15:00:00Z,9655.747777777779
2020-05-19T16:00:00Z,9669.38362962963
2020-05-19T17:00:00Z,9675.151888888891
2020-05-19T18:00:00Z,9683.67288888889
2020-05-19T19:00:00Z,9673.941037037037
2020-05-19T20:00:00Z,9671.67177777778
2020-05-19T21:00:00Z,9674.464111111112
2020-05-19T22:00:00Z,9702.483925925926
2020-05-19T23:00:00Z,9746.324740740742
2020-05-20T00:00:00Z,9774.090888888888
2020-05-20T01:00:00Z,9780.186777777777
2020-05-20T02:00:00Z,9764.880074074075
2020-05-20T03:00:00Z,9742.705740740741
2020-05-20T04:00:00Z,9727.237074074073
2020-05-20T05:00:00Z,9725.821962962962
2020-05-20T06:00:00Z,9724.106
2020-05-20T07:00:00Z,9734.363592592592
2020-05-20T08:00:00Z,9751.994777777778
2020-05-20T09:00:00Z,9772.63762962963
2020-05-20T10:00:00Z,9785.38740740741
2020-05-20T11:00:00Z,9772.101888888888
2020-05-20T12:00:00Z,9759.593370370369
2020-05-20T13:00:00Z,9758.587555555554
2020-05-20T14:00:00Z,9764.063074074074
2020-05-20T15:00:00Z,9662.757666666666
2020-05-20T16:00:00Z,9541.124777777775
2020-05-20T17:00:00Z,9457.008481481478
2020-05-20T18:00:00Z,9437.022037037035
2020-05-20T19:00:00Z,9464.213370370368
2020-05-20T20:00:00Z,9514.630222222222
2020-05-20T21:00:00Z,9549.050444444445
2020-05-20T22:00:00Z,9554.977592592593
2020-05-20T23:00:00Z,9539.784296296297
2020-05-21T00:00:00Z,9530.630333333334
2020-05-21T01:00:00Z,9520.770222222221
2020-05-21T02:00:00Z,9500.064074074073
2020-05-21T03:00:00Z,9476.632222222222
2020-05-21T04:00:00Z,9458.995888888889
2020-05-21T05:00:00Z,9459.05340740741
2020-05-21T06:00:00Z,9466.455481481482
2020-05-21T07:00:00Z,9463.272296296294
2020-05-21T08:00:00Z,9429.410666666665
2020-05-21T09:00:00Z,9362.002888888886
2020-05-21T10:00:00Z,9316.912259259258
2020-05-21T11:00:00Z,9307.543555555552
2020-05-21T12:00:00Z,9318.890074074074
2020-05-21T13:00:00Z,9314.644296296297
2020-05-21T14:00:00Z,9232.105592592596
2020-05-21T15:00:00Z,9125.130962962963
2020-05-21T16:00:00Z,9037.27262962963
2020-05-21T17:00:00Z,8974.026925925928
2020-05-21T18:00:00Z,8891.075
2020-05-21T19:00:00Z,8883.15259259259
2020-05-21T20:00:00Z,8925.434037037037
2020-05-21T21:00:00Z,9009.077888888889
2020-05-21T22:00:00Z,9089.142074074076
2020-05-21T23:00:00Z,9118.656074074073
2020-05-22T00:00:00Z,9099.701148148148
2020-05-22T01:00:00Z,9078.960148148148
2020-05-22T02:00:00Z,9054.888518518519
2020-05-22T03:00:00Z,9023.120555555555
2020-05-22T04:00:00Z,8993.153851851852
2020-05-22T05:00:00Z,8986.44588888889
2020-05-22T06:00:00Z,9012.92988888889
2020-05-22T07:00:00Z,9049.656148148148
2020-05-22T08:00:00Z,9080.125407407406
2020-05-22T09:00:00Z,9100.086444444445
2020-05-22T10:00:00Z,9128.907222222224
2020-05-22T11:00:00Z,9159.006925925925
2020-05-22T12:00:00Z,9183.732851851853
2020-05-22T13:00:00Z,9175.921925925926
2020-05-22T14:00:00Z,9156.832074074073
2020-05-22T15:00:00Z,9165.78133333333
2020-05-22T16:00:00Z,9201.429777777776
2020-05-22T17:00:00Z,9228.406555555555
2020-05-22T18:00:00Z,9236.656703703704
2020-05-22T19:00:00Z,9218.64937037037
2020-05-22T20:00:00Z,9195.855148148148
2020-05-22T21:00:00Z,9187.26451851852
2020-05-22T22:00:00Z,9188.965814814816
2020-05-22T23:00:00Z,9186.276703703705
2020-05-23T00:00:00Z,9202.361296296298
2020-05-23T01:00:00Z,9224.645444444448
2020-05-23T02:00:00Z,9256.667370370371
2020-05-23T03:00:00Z,9288.079592592592
2020-05-23T04:00:00Z,9298.621444444443
2020-05-23T05:00:00Z,9295.39625925926
2020-05-23T06:00:00Z,9277.03074074074
2020-05-23T07:00:00Z,9261.914999999999
2020-05-23T08:00:00Z,9233.605074074074
2020-05-23T09:00:00Z,9189.421037037037
2020-05-23T10:00:00Z,9146.414518518517
2020-05-23T11:00:00Z,9130.421999999999
2020-05-23T12:00:00Z,9124.992074074076
2020-05-23T13:00:00Z,9131.65703703704
2020-05-23T14:00:00Z,9153.37140740741
2020-05-23T15:00:00Z,9178.181074074071
2020-05-23T16:00:00Z,9192.723407407404
2020-05-23T17:00:00Z,9195.940259259258
2020-05-23T18:00:00Z,9185.695148148146
2020-05-23T19:00:00Z,9179.623814814817
2020-05-23T20:00:00Z,9195.145925925926
2020-05-23T21:00:00Z,9217.987037037035
2020-05-23T22:00:00Z,9238.261777777776
2020-05-23T23:00:00Z,9232.250851851853
2020-05-24T00:00:00Z,9216.908148148148
2020-05-24T01:00:00Z,9194.883777777779
2020-05-24T02:00:00Z,9185.532444444447
2020-05-24T03:00:00Z,9185.724814814816
2020-05-24T04:00:00Z,9189.790703703702
2020-05-24T05:00:00Z,9199.844296296294
2020-05-24T06:00:00Z,9229.124185185185
2020-05-24T07:00:00Z,9258.56774074074
2020-05-24T08:00:00Z,9279.136703703703
2020-05-24T09:00:00Z,9287.455370370371
2020-05-24T10:00:00Z,9285.374740740743
2020-05-24T11:00:00Z,9234.823444444446
2020-05-24T12:00:00Z,9180.306962962963
2020-05-24T13:00:00Z,9118.464333333333
2020-05-24T14:00:00Z,9070.470111111112
2020-05-24T15:00:00Z,9039.047962962963
2020-05-24T16:00:00Z,8988.581666666667
2020-05-24T17:00:00Z,8941.034259259259
2020-05-24T18:00:00Z,8906.403740740741
2020-05-24T19:00:00Z,8917.462037037038
2020-05-24T20:00:00Z,8950.22437037037
2020-05-24T21:00:00Z,9001.036851851853
2020-05-24T22:00:00Z,9039.240814814815
2020-05-24T23:00:00Z,8961.038111111111
2020-05-25T00:00:00Z,8858.943777777777
2020-05-25T01:00:00Z,8768.46762962963
2020-05-25T02:00:00Z,8728.872518518518
2020-05-25T03:00:00Z,8729.62422222222
2020-05-25T04:00:00Z,8751.242333333332
2020-05-25T05:00:00Z,8767.843074074071
2020-05-25T06:00:00Z,8778.580111111109
2020-05-25T07:00:00Z,8806.918555555556
2020-05-25T08:00:00Z,8827.061814814815
2020-05-25T09:00:00Z,8819.196333333333
2020-05-25T10:00:00Z,8771.771703703704
2020-05-25T11:00:00Z,8732.820259259259
2020-05-25T12:00:00Z,8718.981925925926
2020-05-25T13:00:00Z,8745.029148148149
2020-05-25T14:00:00Z,8766.235740740742
2020-05-25T15:00:00Z,8780.360259259263
2020-05-25T16:00:00Z,8793.061666666666
2020-05-25T17:00:00Z,8830.51474074074
2020-05-25T18:00:00Z,8874.673888888889
2020-05-25T19:00:00Z,8920.93937037037
2020-05-25T20:00:00Z,8947.581555555556
2020-05-25T21:00:00Z,8949.255296296296
2020-05-25T22:00:00Z,8936.941333333334
2020-05-25T23:00:00Z,8919.156481481483
2020-05-26T00:00:00Z,8893.966555555557
2020-05-26T01:00:00Z,8877.103703703704
2020-05-26T02:00:00Z,8867.681074074075
2020-05-26T03:00:00Z,8874.32159259259
2020-05-26T04:00:00Z,8888.712037037036
2020-05-26T05:00:00Z,8911.159481481482
2020-05-26T06:00:00Z,8917.611185185186
2020-05-26T07:00:00Z,8931.803370370371
2020-05-26T08:00:00Z,8949.414703703704
2020-05-26T09:00:00Z,8943.732444444444
2020-05-26T10:00:00Z,8915.08137037037
2020-05-26T11:00:00Z,8879.31911111111
2020-05-26T12:00:00Z,8839.405074074073
2020-05-26T13:00:00Z,8808.11296296296
2020-05-26T14:00:00Z,8791.292259259259
2020-05-26T15:00:00Z,8760.331518518518
2020-05-26T16:00:00Z,8748.249555555556
2020-05-26T17:00:00Z,8757.29511111111
2020-05-26T18:00:00Z,8780.209592592591
2020-05-26T19:00:00Z,8798.477851851852
2020-05-26T20:00:00Z,8824.301666666668
2020-05-26T21:00:00Z,8844.34522222222
2020-05-26T22:00:00Z,8852.822185185183
2020-05-26T23:00:00Z,8854.939074074073
2020-05-27T00:00:00Z,8863.818148148146
2020-05-27T01:00:00Z,8867.95962962963
2020-05-27T02:00:00Z,8857.737814814815
2020-05-27T03:00:00Z,8840.810333333333
2020-05-27T04:00:00Z,8834.384592592593
2020-05-27T05:00:00Z,8845.441185185186
2020-05-27T06:00:00Z,8853.446518518516
2020-05-27T07:00:00Z,8854.015592592592
2020-05-27T08:00:00Z,8874.536925925926
2020-05-27T09:00:00Z,8904.05651851852
2020-05-27T10:00:00Z,8992.279888888892
2020-05-27T11:00:00Z,9095.792185185184
2020-05-27T12:00:00Z,9177.901777777775
2020-05-27T13:00:00Z,9217.020148148147
2020-05-27T14:00:00Z,9218.165555555555
2020-05-27T15:00:00Z,9199.616592592594
2020-05-27T16:00:00Z,9185.371925925927
2020-05-27T17:00:00Z,9186.333814814816
2020-05-27T18:00:00Z,9187.136148148147
2020-05-27T19:00:00Z,9181.206555555553
2020-05-27T20:00:00Z,9172.024259259259
2020-05-27T21:00:00Z,9135.419851851851
2020-05-27T22:00:00Z,9101.624148148147
2020-05-27T23:00:00Z,9112.39188888889
2020-05-28T00:00:00Z,9170.843629629631
2020-05-28T01:00:00Z,9227.329444444447
2020-05-28T02:00:00Z,9251.865555555554
2020-05-28T03:00:00Z,9233.634888888888
2020-05-28T04:00:00Z,9201.776925925924
2020-05-28T05:00:00Z,9174.002925925926
2020-05-28T06:00:00Z,9158.932962962963
2020-05-28T07:00:00Z,9148.283962962963
2020-05-28T08:00:00Z,9153.932666666666
2020-05-28T09:00:00Z,9172.37507407407
2020-05-28T10:00:00Z,9182.549777777778
2020-05-28T11:00:00Z,9212.550962962965
2020-05-28T12:00:00Z,9295.123481481483
2020-05-28T13:00:00Z,9385.632592592594
2020-05-28T14:00:00Z,9469.896740740742
2020-05-28T15:00:00Z,9527.699703703705
2020-05-28T16:00:00Z,9537.978074074075
2020-05-28T17:00:00Z,9526.114481481482
2020-05-28T18:00:00Z,9492.543666666666
2020-05-28T19:00:00Z,9465.384296296295
2020-05-28T20:00:00Z,9448.387481481479
2020-05-28T21:00:00Z,9439.907814814813
2020-05-28T22:00:00Z,9451.102814814816
2020-05-28T23:00:00Z,9497.19162962963
2020-05-29T00:00:00Z,9532.454185185186
2020-05-29T01:00:00Z,9547.780592592595
2020-05-29T02:00:00Z,9539.072481481482
2020-05-29T03:00:00Z,9524.63137037037
2020-05-29T04:00:00Z,9510.113555555557
2020-05-29T05:00:00Z,9505.96751851852
2020-05-29T06:00:00Z,9506.444703703704
2020-05-29T07:00:00Z,9511.358999999999
2020-05-29T08:00:00Z,9495.148925925923
2020-05-29T09:00:00Z,9468.297296296294
2020-05-29T10:00:00Z,9417.135481481482
2020-05-29T11:00:00Z,9379.87262962963
2020-05-29T12:00:00Z,9362.362703703702
2020-05-29T13:00:00Z,9375.234888888888
2020-05-29T14:00:00Z,9404.83911111111
2020-05-29T15:00:00Z,9420.704518518518
2020-05-29T16:00:00Z,9428.908185185186
2020-05-29T17:00:00Z,9428.344888888889
2020-05-29T18:00:00Z,9428.615222222223
2020-05-29T19:00:00Z,9420.63085185185
2020-05-29T20:00:00Z,9413.763925925925
2020-05-29T21:00:00Z,9402.080333333333
2020-05-29T22:00:00Z,9402.91685185185
2020-05-29T23:00:00Z,9410.689851851852
2020-05-30T00:00:00Z,9403.28862962963
2020-05-30T01:00:00Z,9389.557851851852
2020-05-30T02:00:00Z,9375.987814814815
2020-05-30T03:00:00Z,9373.245703703704
2020-05-30T04:00:00Z,9414.590740740741
2020-05-30T05:00:00Z,9483.721814814815
2020-05-30T06:00:00Z,9547.614481481482
2020-05-30T07:00:00Z,9578.272962962963
2020-05-30T08:00:00Z,9577.672962962963
2020-05-30T09:00:00Z,9551.570814814813
2020-05-30T10:00:00Z,9530.346259259257
2020-05-30T11:00:00Z,9528.405407407407
2020-05-30T12:00:00Z,9536.953111111112
2020-05-30T13:00:00Z,9553.597111111112
2020-05-30T14:00:00Z,9561.357666666667
2020-05-30T15:00:00Z,9558.461777777777
2020-05-30T16:00:00Z,9550.430407407408
2020-05-30T17:00:00Z,9538.602777777778
2020-05-30T18:00:00Z,9530.50051851852
2020-05-30T19:00:00Z,9528.816370370372
2020-05-30T20:00:00Z,9501.988222222224
2020-05-30T21:00:00Z,9479.89177777778
2020-05-30T22:00:00Z,9540.049555555557
2020-05-30T23:00:00Z,9631.202740740742
2020-05-31T00:00:00Z,9702.845296296297
2020-05-31T01:00:00Z,9726.799814814816
2020-05-31T02:00:00Z,9706.018444444444
2020-05-31T03:00:00Z,9657.82188888889
2020-05-31T04:00:00Z,9602.424074074073
2020-05-31T05:00:00Z,9560.722518518518
2020-05-31T06:00:00Z,9533.925074074074
2020-05-31T07:00:00Z,9529.236296296296
2020-05-31T08:00:00Z,9529.633222222225
2020-05-31T09:00:00Z,9537.890185185184
2020-05-31T10:00:00Z,9558.874592592592
2020-05-31T11:00:00Z,9580.129333333334
2020-05-31T12:00:00Z,9592.33725925926
2020-05-31T13:00:00Z,9584.898555555556
2020-05-31T14:00:00Z,9543.676888888891
2020-05-31T15:00:00Z,9497.742888888888
2020-05-31T16:00:00Z,9477.634148148149
2020-05-31T17:00:00Z,9475.930444444442
2020-05-31T18:00:00Z,9483.225296296296
2020-05-31T19:00:00Z,9494.674074074073
2020-05-31T20:00:00Z,9501.771814814818
2020-05-31T21:00:00Z,9492.677000000001
2020-05-31T22:00:00Z,9473.403037037036
2020-05-31T23:00:00Z,9451.33485185185
2020-06-01T00:00:00Z,9451.531333333332
2020-06-01T01:00:00Z,9483.906555555555
2020-06-01T02:00:00Z,9519.648444444445
2020-06-01T03:00:00Z,9549.588444444444
2020-06-01T04:00:00Z,9564.05022222222
2020-06-01T05:00:00Z,9561.688111111109
2020-06-01T06:00:00Z,9551.795074074073
2020-06-01T07:00:00Z,9551.16425925926
2020-06-01T08:00:00Z,9547.635962962964
2020-06-01T09:00:00Z,9543.897592592593
2020-06-01T10:00:00Z,9539.897333333332
2020-06-01T11:00:00Z,9527.862481481481
2020-06-01T12:00:00Z,9530.638814814814
2020-06-01T13:00:00Z,9538.790407407407
2020-06-01T14:00:00Z,9552.21714814815
2020-06-01T15:00:00Z,9555.897370370372
2020-06-01T16:00:00Z,9565.48266666667
2020-06-01T17:00:00Z,9575.148888888889
2020-06-01T18:00:00Z,9585.187555555554
2020-06-01T19:00:00Z,9588.49533333333
2020-06-01T20:00:00Z,9617.841925925926
2020-06-01T21:00:00Z,9648.777
2020-06-01T22:00:00Z,9701.200814814814
2020-06-01T23:00:00Z,9886.202592592592
2020-06-02T00:00:00Z,10079.418703703703
2020-06-02T01:00:00Z,10222.318444444447
2020-06-02T02:00:00Z,10260.40140740741
2020-06-02T03:00:00Z,10223.20474074074
2020-06-02T04:00:00Z,10167.910148148147
2020-06-02T05:00:00Z,10121.89803703704
2020-06-02T06:00:00Z,10097.70014814815
2020-06-02T07:00:00Z,10095.506703703702
2020-06-02T08:00:00Z,10101.411296296295
2020-06-02T09:00:00Z,10105.34359259259
2020-06-02T10:00:00Z,10115.019148148147
2020-06-02T11:00:00Z,10117.193444444443
2020-06-02T12:00:00Z,10119.883777777775
2020-06-02T13:00:00Z,10131.495814814816
2020-06-02T14:00:00Z,9974.84125925926
2020-06-02T15:00:00Z,9717.470407407409
2020-06-02T16:00:00Z,9471.893777777777
2020-06-02T17:00:00Z,9345.91662962963
2020-06-02T18:00:00Z,9338.14374074074
2020-06-02T19:00:00Z,9387.098777777775
2020-06-02T20:00:00Z,9445.196703703701
2020-06-02T21:00:00Z,9488.009
2020-06-02T22:00:00Z,9506.202444444445
2020-06-02T23:00:00Z,9513.662592592591
2020-06-03T00:00:00Z,9517.881370370369
2020-06-03T01:00:00Z,9515.777407407408
2020-06-03T02:00:00Z,9508.047444444446
2020-06-03T03:00:00Z,9495.47459259259
2020-06-03T04:00:00Z,9487.30537037037
2020-06-03T05:00:00Z,9490.643555555556
2020-06-03T06:00:00Z,9501.218444444445
2020-06-03T07:00:00Z,9509.975333333334
2020-06-03T08:00:00Z,9512.941777777778
2020-06-03T09:00:00Z,9517.479851851853
2020-06-03T10:00:00Z,9542.72751851852
2020-06-03T11:00:00Z,9583.632962962965
2020-06-03T12:00:00Z,9616.681740740742
2020-06-03T13:00:00Z,9627.26374074074
2020-06-03T14:00:00Z,9617.851666666667
2020-06-03T15:00:00Z,9593.445666666665
2020-06-03T16:00:00Z,9569.900037037036
2020-06-03T17:00:00Z,9555.386333333334
2020-06-03T18:00:00Z,9562.180555555558
2020-06-03T19:00:00Z,9573.674851851854
2020-06-03T20:00:00Z,9583.5132962963
2020-06-03T21:00:00Z,9587.42340740741
2020-06-03T22:00:00Z,9594.958148148151
2020-06-03T23:00:00Z,9622.265777777779
2020-06-04T00:00:00Z,9644.279925925926
2020-06-04T01:00:00Z,9658.720555555556
2020-06-04T02:00:00Z,9669.555148148147
2020-06-04T03:00:00Z,9676.850185185185
2020-06-04T04:00:00Z,9674.43933333333
2020-06-04T05:00:00Z,9664.239666666666
2020-06-04T06:00:00Z,9652.06062962963
2020-06-04T07:00:00Z,9643.863
2020-06-04T08:00:00Z,9639.604222222222
2020-06-04T09:00:00Z,9613.729629629628
2020-06-04T10:00:00Z,9576.224111111109
2020-06-04T11:00:00Z,9564.859814814814
2020-06-04T12:00:00Z,9583.637185185185
2020-06-04T13:00:00Z,9654.992814814814
2020-06-04T14:00:00Z,9728.41862962963
2020-06-04T15:00:00Z,9804.001037037036
2020-06-04T16:00:00Z,9838.265222222222
2020-06-04T17:00:00Z,9852.086703703704
2020-06-04T18:00:00Z,9835.317777777776
2020-06-04T19:00:00Z,9821.718111111108
2020-06-04T20:00:00Z,9807.485296296292
2020-06-04T21:00:00Z,9795.745666666668
2020-06-04T22:00:00Z,9799.424333333334
2020-06-04T23:00:00Z,9799.069370370371
2020-06-05T00:00:00Z,9803.570037037038
2020-06-05T01:00:00Z,9811.261925925928
2020-06-05T02:00:00Z,9811.85674074074
2020-06-05T03:00:00Z,9807.435814814817
2020-06-05T04:00:00Z,9796.61422222222
2020-06-05T05:00:00Z,9787.76748148148
2020-06-05T06:00:00Z,9786.75551851852
2020-06-05T07:00:00Z,9783.53411111111
2020-06-05T08:00:00Z,9797.26422222222
2020-06-05T09:00:00Z,9814.316518518517
2020-06-05T10:00:00Z,9791.387703703702
2020-06-05T11:00:00Z,9744.786370370368
2020-06-05T12:00:00Z,9687.387185185184
2020-06-05T13:00:00Z,9658.787370370372
2020-06-05T14:00:00Z,9653.551703703704
2020-06-05T15:00:00Z,9668.925962962963
2020-06-05T16:00:00Z,9692.219296296296
2020-06-05T17:00:00Z,9714.007814814815
2020-06-05T18:00:00Z,9734.611407407407
2020-06-05T19:00:00Z,9742.96174074074
2020-06-05T20:00:00Z,9738.336259259257
2020-06-05T21:00:00Z,9712.218037037035
2020-06-05T22:00:00Z,9684.589444444444
2020-06-05T23:00:00Z,9646.728222222224
2020-06-06T00:00:00Z,9608.59174074074
2020-06-06T01:00:00Z,9572.069518518518
2020-06-06T02:00:00Z,9554.808074074072
2020-06-06T03:00:00Z,9565.851962962963
2020-06-06T04:00:00Z,9584.437037037038
2020-06-06T05:00:00Z,9603.550851851853
2020-06-06T06:00:00Z,9610.085851851853
2020-06-06T07:00:00Z,9610.524296296297
2020-06-06T08:00:00Z,9606.268037037038
2020-06-06T09:00:00Z,9623.961296296298
2020-06-06T10:00:00Z,9650.571259259259
2020-06-06T11:00:00Z,9680.45162962963
2020-06-06T12:00:00Z,9688.191370370372
2020-06-06T13:00:00Z,9679.407703703704
2020-06-06T14:00:00Z,9664.622555555557
2020-06-06T15:00:00Z,9652.679111111112
2020-06-06T16:00:00Z,9637.185185185186
2020-06-06T17:00:00Z,9621.165851851854
2020-06-06T18:00:00Z,9612.93051851852
2020-06-06T19:00:00Z,9622.847037037038
2020-06-06T20:00:00Z,9656.263259259258
2020-06-06T21:00:00Z,9689.97237037037
2020-06-06T22:00:00Z,9696.479777777777
2020-06-06T23:00:00Z,9689.30188888889
2020-06-07T00:00:00Z,9678.069407407409
2020-06-07T01:00:00Z,9671.047851851854
2020-06-07T02:00:00Z,9673.00825925926
2020-06-07T03:00:00Z,9678.80614814815
2020-06-07T04:00:00Z,9682.331074074076
2020-06-07T05:00:00Z,9680.135370370373
2020-06-07T06:00:00Z,9673.124000000002
2020-06-07T07:00:00Z,9662.843814814814
2020-06-07T08:00:00Z,9655.352518518519
2020-06-07T09:00:00Z,9641.437592592592
2020-06-07T10:00:00Z,9627.186777777779
2020-06-07T11:00:00Z,9601.178851851852
2020-06-07T12:00:00Z,9557.342962962965
2020-06-07T13:00:00Z,9495.896407407408
2020-06-07T14:00:00Z,9443.543185185186
2020-06-07T15:00:00Z,9427.888296296296
2020-06-07T16:00:00Z,9439.104666666664
2020-06-07T17:00:00Z,9465.792333333331
2020-06-07T18:00:00Z,9499.559962962961
2020-06-07T19:00:00Z,9600.44414814815
2020-06-07T20:00:00Z,9705.12114814815
2020-06-07T21:00:00Z,9773.835074074073
2020-06-07T22:00:00Z,9805.824
2020-06-07T23:00:00Z,9803.233888888892
2020-06-08T00:00:00Z,9797.917185185184
2020-06-08T01:00:00Z,9786.321629629629
2020-06-08T02:00:00Z,9764.020407407406
2020-06-08T03:00:00Z,9740.435518518518
2020-06-08T04:00:00Z,9727.463703703703
2020-06-08T05:00:00Z,9730.513555555553
2020-06-08T06:00:00Z,9734.906296296294
2020-06-08T07:00:00Z,9735.975703703703
2020-06-08T08:00:00Z,9721.469814814813
2020-06-08T09:00:00Z,9720.873666666666
2020-06-08T10:00:00Z,9725.32151851852
2020-06-08T11:00:00Z,9735.881444444445
2020-06-08T12:00:00Z,9737.26751851852
2020-06-08T13:00:00Z,9721.876148148147
2020-06-08T14:00:00Z,9695.50011111111
2020-06-08T15:00:00Z,9681.661703703703
2020-06-08T16:00:00Z,9686.155592592593
2020-06-08T17:00:00Z,9702.494629629631
2020-06-08T18:00:00Z,9713.318074074074
2020-06-08T19:00:00Z,9711.888407407409
2020-06-08T20:00:00Z,9705.751962962962
2020-06-08T21:00:00Z,9705.717592592591
2020-06-08T22:00:00Z,9704.740777777777
2020-06-08T23:00:00Z,9727.757814814815
2020-06-09T00:00:00Z,9737.153703703703
2020-06-09T01:00:00Z,9733.699851851852
2020-06-09T02:00:00Z,9719.566444444445
2020-06-09T03:00:00Z,9698.459777777776
2020-06-09T04:00:00Z,9681.777111111112
2020-06-09T05:00:00Z,9676.511185185185
2020-06-09T06:00:00Z,9678.616259259257
2020-06-09T07:00:00Z,9681.286148148147
2020-06-09T08:00:00Z,9683.229888888889
2020-06-09T09:00:00Z,9678.769555555557
2020-06-09T10:00:00Z,9674.716444444444
2020-06-09T11:00:00Z,9687.458037037037
2020-06-09T12:00:00Z,9709.15848148148
2020-06-09T13:00:00Z,9724.661333333332
2020-06-09T14:00:00Z,9731.147481481483
2020-06-09T15:00:00Z,9731.614222222224
2020-06-09T16:00:00Z,9726.162185185187
2020-06-09T17:00:00Z,9720.069814814817
2020-06-09T18:00:00Z,9713.799666666668
2020-06-09T19:00:00Z,9715.566444444446
2020-06-09T20:00:00Z,9728.143037037038
2020-06-09T21:00:00Z,9765.17111111111
2020-06-09T22:00:00Z,9793.415814814814
2020-06-09T23:00:00Z,9806.401629629629
2020-06-10T00:00:00Z,9805.333037037035
2020-06-10T01:00:00Z,9800.206666666665
2020-06-10T02:00:00Z,9793.333777777776
2020-06-10T03:00:00Z,9780.774185185184
2020-06-10T04:00:00Z,9764.433111111111
2020-06-10T05:00:00Z,9757.020444444446
2020-06-10T06:00:00Z,9761.88840740741
2020-06-10T07:00:00Z,9763.214148148147
2020-06-10T08:00:00Z,9757.020148148149
2020-06-10T09:00:00Z,9741.307111111111
2020-06-10T10:00:00Z,9731.178851851852
2020-06-10T11:00:00Z,9725.340925925922
2020-06-10T12:00:00Z,9736.130444444441
2020-06-10T13:00:00Z,9748.169888888888
2020-06-10T14:00:00Z,9757.574962962964
2020-06-10T15:00:00Z,9763.52303703704
2020-06-10T16:00:00Z,9767.26437037037
2020-06-10T17:00:00Z,9772.681296296294
2020-06-10T18:00:00Z,9793.477888888889
2020-06-10T19:00:00Z,9825.884222222221
2020-06-10T20:00:00Z,9859.427851851851
2020-06-10T21:00:00Z,9879.230555555556
2020-06-10T22:00:00Z,9895.938888888888
2020-06-10T23:00:00Z,9905.928037037036
2020-06-11T00:00:00Z,9912.942259259258
2020-06-11T01:00:00Z,9926.783074074074
2020-06-11T02:00:00Z,9935.350407407406
2020-06-11T03:00:00Z,9929.761407407406
2020-06-11T04:00:00Z,9916.614000000001
2020-06-11T05:00:00Z,9900.020370370372
2020-06-11T06:00:00Z,9871.368148148149
2020-06-11T07:00:00Z,9831.041370370373
2020-06-11T08:00:00Z,9797.25762962963
2020-06-11T09:00:00Z,9775.821444444446
2020-06-11T10:00:00Z,9769.556370370372
2020-06-11T11:00:00Z,9768.512703703704
2020-06-11T12:00:00Z,9748.245481481483
2020-06-11T13:00:00Z,9695.224703703701
2020-06-11T14:00:00Z,9630.17411111111
2020-06-11T15:00:00Z,9551.829814814815
2020-06-11T16:00:00Z,9358.419333333331
2020-06-11T17:00:00Z,9236.620444444443
2020-06-11T18:00:00Z,9177.114925925925
2020-06-11T19:00:00Z,9181.784555555556
2020-06-11T20:00:00Z,9232.95137037037
2020-06-11T21:00:00Z,9282.565518518517
2020-06-11T22:00:00Z,9315.677999999998
2020-06-11T23:00:00Z,9313.668814814815
2020-06-12T00:00:00Z,9304.472296296297
2020-06-12T01:00:00Z,9301.608703703705
2020-06-12T02:00:00Z,9315.990037037038
2020-06-12T03:00:00Z,9338.666
2020-06-12T04:00:00Z,9354.514296296295
2020-06-12T05:00:00Z,9368.219185185184
2020-06-12T06:00:00Z,9372.339407407404
2020-06-12T07:00:00Z,9392.956518518517
2020-06-12T08:00:00Z,9428.438555555555
2020-06-12T09:00:00Z,9460.881851851855
2020-06-12T10:00:00Z,9481.894629629633
2020-06-12T11:00:00Z,9496.319481481483
2020-06-12T12:00:00Z,9494.593037037037
2020-06-12T13:00:00Z,9508.649296296297
2020-06-12T14:00:00Z,9491.864925925925
2020-06-12T15:00:00Z,9459.474518518518
2020-06-12T16:00:00Z,9425.518259259261
2020-06-12T17:00:00Z,9377.232481481482
2020-06-12T18:00:00Z,9356.011814814816
2020-06-12T19:00:00Z,9364.159814814815
2020-06-12T20:00:00Z,9401.63674074074
2020-06-12T21:00:00Z,9436.06337037037
2020-06-12T22:00:00Z,9465.819074074074
2020-06-12T23:00:00Z,9479.542703703704
2020-06-13T00:00:00Z,9476.921185185187
2020-06-13T01:00:00Z,9465.26251851852
2020-06-13T02:00:00Z,9446.496259259258
2020-06-13T03:00:00Z,9425.231037037034
2020-06-13T04:00:00Z,9407.134296296295
2020-06-13T05:00:00Z,9397.521259259258
2020-06-13T06:00:00Z,9400.897888888889
2020-06-13T07:00:00Z,9414.809074074074
2020-06-13T08:00:00Z,9431.397518518517
2020-06-13T09:00:00Z,9443.913888888887
2020-06-13T10:00:00Z,9441.701296296296
2020-06-13T11:00:00Z,9428.019962962962
2020-06-13T12:00:00Z,9419.211444444443
2020-06-13T13:00:00Z,9417.235703703704
2020-06-13T14:00:00Z,9428.286037037038
2020-06-13T15:00:00Z,9438.821074074074
2020-06-13T16:00:00Z,9443.301370370371
2020-06-13T17:00:00Z,9441.391740740743
2020-06-13T18:00:00Z,9440.64640740741
2020-06-13T19:00:00Z,9430.477296296298
2020-06-13T20:00:00Z,9416.459481481483
2020-06-13T21:00:00Z,9410.381518518518
2020-06-13T22:00:00Z,9415.403703703703
2020-06-13T23:00:00Z,9438.338444444445
2020-06-14T00:00:00Z,9457.701148148148
2020-06-14T01:00:00Z,9465.224740740741
2020-06-14T02:00:00Z,9460.34977777778
2020-06-14T03:00:00Z,9449.119925925925
2020-06-14T04:00:00Z,9436.61785185185
2020-06-14T05:00:00Z,9427.430999999997
2020-06-14T06:00:00Z,9413.342999999999
2020-06-14T07:00:00Z,9403.117592592593
2020-06-14T08:00:00Z,9403.871962962963
2020-06-14T09:00:00Z,9407.417222222224
2020-06-14T10:00:00Z,9413.831333333334
2020-06-14T11:00:00Z,9420.536481481482
2020-06-14T12:00:00Z,9420.296111111109
2020-06-14T13:00:00Z,9414.941851851849
2020-06-14T14:00:00Z,9390.434777777775
2020-06-14T15:00:00Z,9381.71874074074
2020-06-14T16:00:00Z,9379.830444444444
2020-06-14T17:00:00Z,9386.144185185183
2020-06-14T18:00:00Z,9389.588925925924
2020-06-14T19:00:00Z,9390.937000000002
2020-06-14T20:00:00Z,9388.769370370372
2020-06-14T21:00:00Z,9372.410962962964
2020-06-14T22:00:00Z,9364.721481481482
2020-06-14T23:00:00Z,9347.360703703705
2020-06-15T00:00:00Z,9332.000185185185
2020-06-15T01:00:00Z,9293.594333333333
2020-06-15T02:00:00Z,9255.654333333332
2020-06-15T03:00:00Z,9199.394333333332
2020-06-15T04:00:00Z,9158.21962962963
2020-06-15T05:00:00Z,9092.681296296294
2020-06-15T06:00:00Z,9033.411555555555
2020-06-15T07:00:00Z,9015.484074074075
2020-06-15T08:00:00Z,9038.768333333332
2020-06-15T09:00:00Z,9084.405037037037
2020-06-15T10:00:00Z,9106.555777777778
2020-06-15T11:00:00Z,9111.005296296296
2020-06-15T12:00:00Z,9099.839814814815
2020-06-15T13:00:00Z,9116.972518518518
2020-06-15T14:00:00Z,9153.629518518519
2020-06-15T15:00:00Z,9223.24862962963
2020-06-15T16:00:00Z,9308.996666666666
2020-06-15T17:00:00Z,9370.676333333333
2020-06-15T18:00:00Z,9422.62274074074
2020-06-15T19:00:00Z,9452.057037037037
2020-06-15T20:00:00Z,9482.38051851852
2020-06-15T21:00:00Z,9492.564296296296
2020-06-15T22:00:00Z,9482.475851851852
2020-06-15T23:00:00Z,9463.076148148148
2020-06-16T00:00:00Z,9432.963962962962
2020-06-16T01:00:00Z,9412.78411111111
2020-06-16T02:00:00Z,9416.603999999998
2020-06-16T03:00:00Z,9468.898037037035
2020-06-16T04:00:00Z,9529.12111111111
2020-06-16T05:00:00Z,9571.131037037036
2020-06-16T06:00:00Z,9562.035888888888
2020-06-16T07:00:00Z,9532.860555555555
2020-06-16T08:00:00Z,9503.505111111112
2020-06-16T09:00:00Z,9489.485407407406
2020-06-16T10:00:00Z,9496.306444444444
2020-06-16T11:00:00Z,9505.099555555555
2020-06-16T12:00:00Z,9528.703777777775
2020-06-16T13:00:00Z,9544.639000000001
2020-06-16T14:00:00Z,9520.934222222222
2020-06-16T15:00:00Z,9480.167851851851
2020-06-16T16:00:00Z,9455.594
2020-06-16T17:00:00Z,9447.999222222223
2020-06-16T18:00:00Z,9462.552037037038
2020-06-16T19:00:00Z,9484.775481481482
2020-06-16T20:00:00Z,9499.53337037037
2020-06-16T21:00:00Z,9507.49848148148
2020-06-16T22:00:00Z,9515.930037037038
2020-06-16T23:00:00Z,9524.190407407406
2020-06-17T00:00:00Z,9516.746000000001
2020-06-17T01:00:00Z,9492.278407407406
2020-06-17T02:00:00Z,9458.404962962963
2020-06-17T03:00:00Z,9435.327296296295
2020-06-17T04:00:00Z,9430.120111111111
2020-06-17T05:00:00Z,9431.693777777777
2020-06-17T06:00:00Z,9443.930185185183
2020-06-17T07:00:00Z,9468.299259259258
2020-06-17T08:00:00Z,9488.910888888891
2020-06-17T09:00:00Z,9495.35288888889
2020-06-17T10:00:00Z,9490.807962962965
2020-06-17T11:00:00Z,9480.253999999999
2020-06-17T12:00:00Z,9479.631592592594
2020-06-17T13:00:00Z,9468.389925925927
2020-06-17T14:00:00Z,9442.277814814814
2020-06-17T15:00:00Z,9406.97614814815
2020-06-17T16:00:00Z,9370.233555555556
2020-06-17T17:00:00Z,9356.33651851852
2020-06-17T18:00:00Z,9360.806592592593
2020-06-17T19:00:00Z,9342.866296296297
2020-06-17T20:00:00Z,9336.685185185186
2020-06-17T21:00:00Z,9349.92140740741
2020-06-17T22:00:00Z,9385.275074074076
2020-06-17T23:00:00Z,9430.779111111113
2020-06-18T00:00:00Z,9455.70962962963
2020-06-18T01:00:00Z,9455.372925925925
2020-06-18T02:00:00Z,9435.948703703703
2020-06-18T03:00:00Z,9419.413703703705
2020-06-18T04:00:00Z,9406.580777777779
2020-06-18T05:00:00Z,9404.320851851853
2020-06-18T06:00:00Z,9410.227037037039
2020-06-18T07:00:00Z,9420.14492592593
2020-06-18T08:00:00Z,9427.77751851852
2020-06-18T09:00:00Z,9425.125740740741
2020-06-18T10:00:00Z,9427.584962962965
2020-06-18T11:00:00Z,9428.136666666667
2020-06-18T12:00:00Z,9427.84296296296
2020-06-18T13:00:00Z,9418.228037037037
2020-06-18T14:00:00Z,9413.393851851853
2020-06-18T15:00:00Z,9399.236444444445
2020-06-18T16:00:00Z,9389.266037037036
2020-06-18T17:00:00Z,9384.835222222222
2020-06-18T18:00:00Z,9383.051925925925
2020-06-18T19:00:00Z,9385.19085185185
2020-06-18T20:00:00Z,9370.483222222221
2020-06-18T21:00:00Z,9358.633296296295
2020-06-18T22:00:00Z,9353.719518518517
2020-06-18T23:00:00Z,9358.894555555555
2020-06-19T00:00:00Z,9363.761333333334
2020-06-19T01:00:00Z,9349.448296296296
2020-06-19T02:00:00Z,9312.977037037039
2020-06-19T03:00:00Z,9273.102259259262
2020-06-19T04:00:00Z,9255.135888888888
2020-06-19T05:00:00Z,9263.01862962963
2020-06-19T06:00:00Z,9279.363333333333
2020-06-19T07:00:00Z,9289.376666666665
2020-06-19T08:00:00Z,9296.172814814814
2020-06-19T09:00:00Z,9316.127444444443
2020-06-19T10:00:00Z,9349.58911111111
2020-06-19T11:00:00Z,9380.847037037036
2020-06-19T12:00:00Z,9398.499185185185
2020-06-19T13:00:00Z,9401.396333333332
2020-06-19T14:00:00Z,9390.21925925926
2020-06-19T15:00:00Z,9380.933444444447
2020-06-19T16:00:00Z,9362.993333333337
2020-06-19T17:00:00Z,9336.204851851855
2020-06-19T18:00:00Z,9313.785592592592
2020-06-19T19:00:00Z,9296.179296296294
2020-06-19T20:00:00Z,9292.809925925925
2020-06-19T21:00:00Z,9299.99848148148
2020-06-19T22:00:00Z,9300.897333333332
2020-06-19T23:00:00Z,9300.003148148147
2020-06-20T00:00:00Z,9294.73174074074
2020-06-20T01:00:00Z,9295.082481481482
2020-06-20T02:00:00Z,9302.254407407407
2020-06-20T03:00:00Z,9313.79537037037
2020-06-20T04:00:00Z,9319.619370370368
2020-06-20T05:00:00Z,9316.674222222222
2020-06-20T06:00:00Z,9312.986925925927
2020-06-20T07:00:00Z,9304.278148148149
2020-06-20T08:00:00Z,9290.997407407409
2020-06-20T09:00:00Z,9279.691444444446
2020-06-20T10:00:00Z,9274.516
2020-06-20T11:00:00Z,9286.727666666664
2020-06-20T12:00:00Z,9298.349185185181
2020-06-20T13:00:00Z,9300.664777777774
2020-06-20T14:00:00Z,9293.347407407406
2020-06-20T15:00:00Z,9274.437962962962
2020-06-20T16:00:00Z,9259.201814814814
2020-06-20T17:00:00Z,9252.791777777777
2020-06-20T18:00:00Z,9267.567925925925
2020-06-20T19:00:00Z,9283.742148148147
2020-06-20T20:00:00Z,9304.21037037037
2020-06-20T21:00:00Z,9323.744074074073
2020-06-20T22:00:00Z,9349.066814814812
2020-06-20T23:00:00Z,9367.710296296296
2020-06-21T00:00:00Z,9376.49014814815
2020-06-21T01:00:00Z,9378.237222222224
2020-06-21T02:00:00Z,9377.103000000001
2020-06-21T03:00:00Z,9376.028814814816
2020-06-21T04:00:00Z,9374.97866666667
2020-06-21T05:00:00Z,9378.839851851852
2020-06-21T06:00:00Z,9380.058703703704
2020-06-21T07:00:00Z,9376.391296296295
2020-06-21T08:00:00Z,9368.178629629629
2020-06-21T09:00:00Z,9361.081333333332
2020-06-21T10:00:00Z,9354.05833333333
2020-06-21T11:00:00Z,9350.090037037035
2020-06-21T12:00:00Z,9344.63022222222
2020-06-21T13:00:00Z,9341.138407407407
2020-06-21T14:00:00Z,9340.654629629627
2020-06-21T15:00:00Z,9348.399037037036
2020-06-21T16:00:00Z,9355.837666666666
2020-06-21T17:00:00Z,9354.462962962962
2020-06-21T18:00:00Z,9337.565111111111
2020-06-21T19:00:00Z,9326.21511111111
2020-06-21T20:00:00Z,9315.314777777778
2020-06-21T21:00:00Z,9313.168814814815
2020-06-21T22:00:00Z,9306.532185185186
2020-06-21T23:00:00Z,9295.117999999999
2020-06-22T00:00:00Z,9291.974222222223
2020-06-22T01:00:00Z,9316.125962962964
2020-06-22T02:00:00Z,9351.498222222222
2020-06-22T03:00:00Z,9382.423185185186
2020-06-22T04:00:00Z,9404.199740740742
2020-06-22T05:00:00Z,9416.845111111112
2020-06-22T06:00:00Z,9423.589592592592
2020-06-22T07:00:00Z,9426.504444444443
2020-06-22T08:00:00Z,9429.95111111111
2020-06-22T09:00:00Z,9426.687185185185
2020-06-22T10:00:00Z,9427.33937037037
2020-06-22T11:00:00Z,9437.02937037037
2020-06-22T12:00:00Z,9461.740074074072
2020-06-22T13:00:00Z,9480.544777777777
2020-06-22T14:00:00Z,9486.326296296296
2020-06-22T15:00:00Z,9489.15751851852
2020-06-22T16:00:00Z,9520.251370370372
2020-06-22T17:00:00Z,9566.400666666668
2020-06-22T18:00:00Z,9603.364666666668
2020-06-22T19:00:00Z,9612.672370370368
2020-06-22T20:00:00Z,9623.887666666664
2020-06-22T21:00:00Z,9652.506037037036
2020-06-22T22:00:00Z,9684.58614814815
2020-06-22T23:00:00Z,9709.346666666666
2020-06-23T00:00:00Z,9708.89211111111
2020-06-23T01:00:00Z,9688.175333333333
2020-06-23T02:00:00Z,9662.029518518519
2020-06-23T03:00:00Z,9645.053962962964
2020-06-23T04:00:00Z,9631.41914814815
2020-06-23T05:00:00Z,9620.84962962963
2020-06-23T06:00:00Z,9615.545000000002
2020-06-23T07:00:00Z,9625.406444444445
2020-06-23T08:00:00Z,9627.191
2020-06-23T09:00:00Z,9620.488703703704
2020-06-23T10:00:00Z,9603.25662962963
2020-06-23T11:00:00Z,9599.999222222223
2020-06-23T12:00:00Z,9609.519185185187
2020-06-23T13:00:00Z,9625.387666666667
2020-06-23T14:00:00Z,9639.939555555555
2020-06-23T15:00:00Z,9662.477851851852
2020-06-23T16:00:00Z,9675.597222222224
2020-06-23T17:00:00Z,9680.83951851852
2020-06-23T18:00:00Z,9675.452148148148
2020-06-23T19:00:00Z,9662.138296296296
2020-06-23T20:00:00Z,9645.43837037037
2020-06-23T21:00:00Z,9635.864444444444
2020-06-23T22:00:00Z,9623.824074074073
2020-06-23T23:00:00Z,9616.870666666664
2020-06-24T00:00:00Z,9614.638148148148
2020-06-24T01:00:00Z,9622.197592592594
2020-06-24T02:00:00Z,9637.134259259261
2020-06-24T03:00:00Z,9647.580518518518
2020-06-24T04:00:00Z,9653.72459259259
2020-06-24T05:00:00Z,9651.263962962961
2020-06-24T06:00:00Z,9649.65951851852
2020-06-24T07:00:00Z,9603.79925925926
2020-06-24T08:00:00Z,9545.722111111112
2020-06-24T09:00:00Z,9498.369518518519
2020-06-24T10:00:00Z,9430.99014814815
2020-06-24T11:00:00Z,9355.806481481482
2020-06-24T12:00:00Z,9310.91574074074
2020-06-24T13:00:00Z,9289.42
2020-06-24T14:00:00Z,9276.05988888889
2020-06-24T15:00:00Z,9252.445185185186
2020-06-24T16:00:00Z,9241.411629629629
2020-06-24T17:00:00Z,9247.889555555555
2020-06-24T18:00:00Z,9269.55711111111
2020-06-24T19:00:00Z,9287.587666666668
2020-06-24T20:00:00Z,9293.950740740742
2020-06-24T21:00:00Z,9284.924296296296
2020-06-24T22:00:00Z,9279.608592592593
2020-06-24T23:00:00Z,9278.495037037037
2020-06-25T00:00:00Z,9272.318444444443
2020-06-25T01:00:00Z,9265.644148148147
2020-06-25T02:00:00Z,9252.540037037035
2020-06-25T03:00:00Z,9193.79637037037
2020-06-25T04:00:00Z,9128.00896296296
2020-06-25T05:00:00Z,9096.114703703703
2020-06-25T06:00:00Z,9104.924851851853
2020-06-25T07:00:00Z,9133.005
2020-06-25T08:00:00Z,9194.885888888888
2020-06-25T09:00:00Z,9243.493888888888
2020-06-25T10:00:00Z,9277.818592592594
2020-06-25T11:00:00Z,9287.185
2020-06-25T12:00:00Z,9256.955629629629
2020-06-25T13:00:00Z,9217.778703703705
2020-06-25T14:00:00Z,9202.816814814816
2020-06-25T15:00:00Z,9206.640148148148
2020-06-25T16:00:00Z,9237.042111111112
2020-06-25T17:00:00Z,9267.554074074074
2020-06-25T18:00:00Z,9278.931185185183
2020-06-25T19:00:00Z,9284.42962962963
2020-06-25T20:00:00Z,9283.111407407408
2020-06-25T21:00:00Z,9289.972481481482
2020-06-25T22:00:00Z,9285.38151851852
2020-06-25T23:00:00Z,9270.545851851852
2020-06-26T00:00:00Z,9262.480481481482
2020-06-26T01:00:00Z,9252.279851851852
2020-06-26T02:00:00Z,9247.879444444445
2020-06-26T03:00:00Z,9241.277037037036
2020-06-26T04:00:00Z,9238.263296296296
2020-06-26T05:00:00Z,9226.151296296297
2020-06-26T06:00:00Z,9210.35
2020-06-26T07:00:00Z,9173.701148148148
2020-06-26T08:00:00Z,9134.094666666668
2020-06-26T09:00:00Z,9129.510518518518
2020-06-26T10:00:00Z,9152.09148148148
2020-06-26T11:00:00Z,9175.539037037037
2020-06-26T12:00:00Z,9194.603629629632
2020-06-26T13:00:00Z,9184.399481481485
2020-06-26T14:00:00Z,9144.688518518518
2020-06-26T15:00:00Z,9117.792259259259
2020-06-26T16:00:00Z,9109.96
2020-06-26T17:00:00Z,9121.06711111111
2020-06-26T18:00:00Z,9132.160296296297
2020-06-26T19:00:00Z,9145.757111111112
2020-06-26T20:00:00Z,9164.637000000002
2020-06-26T21:00:00Z,9178.685296296297
2020-06-26T22:00:00Z,9184.033037037038
2020-06-26T23:00:00Z,9176.85374074074
2020-06-27T00:00:00Z,9159.52974074074
2020-06-27T01:00:00Z,9143.907592592592
2020-06-27T02:00:00Z,9132.140185185186
2020-06-27T03:00:00Z,9131.486703703704
2020-06-27T04:00:00Z,9137.103222222222
2020-06-27T05:00:00Z,9147.24737037037
2020-06-27T06:00:00Z,9160.291814814816
2020-06-27T07:00:00Z,9169.44537037037
2020-06-27T08:00:00Z,9169.256925925927
2020-06-27T09:00:00Z,9158.004444444445
2020-06-27T10:00:00Z,9143.277185185185
2020-06-27T11:00:00Z,9137.406222222222
2020-06-27T12:00:00Z,9140.019000000002
2020-06-27T13:00:00Z,9145.161777777777
2020-06-27T14:00:00Z,9146.402518518518
2020-06-27T15:00:00Z,9138.853925925923
2020-06-27T16:00:00Z,9119.385629629629
2020-06-27T17:00:00Z,9092.479296296297
2020-06-27T18:00:00Z,9071.773481481483
2020-06-27T19:00:00Z,9016.477814814816
2020-06-27T20:00:00Z,8959.566851851854
2020-06-27T21:00:00Z,8948.196407407408
2020-06-27T22:00:00Z,8949.482222222223
2020-06-27T23:00:00Z,8969.793703703703
2020-06-28T00:00:00Z,8977.533259259259
2020-06-28T01:00:00Z,8973.534925925926
2020-06-28T02:00:00Z,8968.791259259258
2020-06-28T03:00:00Z,8964.620555555555
2020-06-28T04:00:00Z,8961.197111111112
2020-06-28T05:00:00Z,8956.788999999999
2020-06-28T06:00:00Z,8967.849629629629
2020-06-28T07:00:00Z,8989.855777777775
2020-06-28T08:00:00Z,9021.003666666666
2020-06-28T09:00:00Z,9052.998333333331
2020-06-28T10:00:00Z,9070.081148148149
2020-06-28T11:00:00Z,9072.645111111111
2020-06-28T12:00:00Z,9066.027666666667
2020-06-28T13:00:00Z,9058.25411111111
2020-06-28T14:00:00Z,9084.339296296295
2020-06-28T15:00:00Z,9125.808481481481
2020-06-28T16:00:00Z,9160.210962962961
2020-06-28T17:00:00Z,9177.61511111111
2020-06-28T18:00:00Z,9177.142777777779
2020-06-28T19:00:00Z,9156.450185185186
2020-06-28T20:00:00Z,9131.500592592593
2020-06-28T21:00:00Z,9114.763185185186
2020-06-28T22:00:00Z,9102.366
2020-06-28T23:00:00Z,9100.403592592593
2020-06-29T00:00:00Z,9104.087555555556
2020-06-29T01:00:00Z,9115.21251851852
2020-06-29T02:00:00Z,9123.333518518519
2020-06-29T03:00:00Z,9118.12422222222
2020-06-29T04:00:00Z,9109.160074074074
2020-06-29T05:00:00Z,9100.85588888889
2020-06-29T06:00:00Z,9088.425888888889
2020-06-29T07:00:00Z,9079.505444444445
2020-06-29T08:00:00Z,9073.964703703705
2020-06-29T09:00:00Z,9086.684148148152
2020-06-29T10:00:00Z,9100.797740740743
2020-06-29T11:00:00Z,9104.18651851852
2020-06-29T12:00:00Z,9101.701333333333
2020-06-29T13:00:00Z,9078.75485185185
2020-06-29T14:00:00Z,9058.69437037037
2020-06-29T15:00:00Z,9064.626148148147
2020-06-29T16:00:00Z,9085.945629629627
2020-06-29T17:00:00Z,9122.631555555554
2020-06-29T18:00:00Z,9148.66222222222
2020-06-29T19:00:00Z,9163.948851851852
2020-06-29T20:00:00Z,9176.46440740741
2020-06-29T21:00:00Z,9194.559592592594
2020-06-29T22:00:00Z,9205.108925925924
2020-06-29T23:00:00Z,9206.394444444442
2020-06-30T00:00:00Z,9196.567333333332
2020-06-30T01:00:00Z,9192.252666666667
2020-06-30T02:00:00Z,9188.314555555555
2020-06-30T03:00:00Z,9179.481629629629
2020-06-30T04:00:00Z,9167.051296296295
2020-06-30T05:00:00Z,9145.015925925925
2020-06-30T06:00:00Z,9131.116888888888
2020-06-30T07:00:00Z,9124.679814814814
2020-06-30T08:00:00Z,9122.957111111109
2020-06-30T09:00:00Z,9129.723444444444
2020-06-30T10:00:00Z,9137.74585185185
2020-06-30T11:00:00Z,9144.819629629628
2020-06-30T12:00:00Z,9140.075592592593
2020-06-30T13:00:00Z,9132.323740740741
2020-06-30T14:00:00Z,9141.59637037037
2020-06-30T15:00:00Z,9155.852925925927
2020-06-30T16:00:00Z,9171.718851851852
2020-06-30T17:00:00Z,9171.492037037038
2020-06-30T18:00:00Z,9155.911074074074
2020-06-30T19:00:00Z,9139.003259259258
2020-06-30T20:00:00Z,9132.292407407407
2020-06-30T21:00:00Z,9139.465592592593
2020-06-30T22:00:00Z,9142.144407407408
2020-06-30T23:00:00Z,9141.288222222223
2020-07-01T00:00:00Z,9133.150851851851
2020-07-01T01:00:00Z,9125.023629629628
2020-07-01T02:00:00Z,9123.364333333333
2020-07-01T03:00:00Z,9126.594148148148
2020-07-01T04:00:00Z,9135.945555555556
2020-07-01T05:00:00Z,9143.537666666669
2020-07-01T06:00:00Z,9145.237925925927
2020-07-01T07:00:00Z,9141.658148148148
2020-07-01T08:00:00Z,9147.74125925926
2020-07-01T09:00:00Z,9157.672925925925
2020-07-01T10:00:00Z,9162.765148148146
2020-07-01T11:00:00Z,9164.413148148147
2020-07-01T12:00:00Z,9164.095814814815
2020-07-01T13:00:00Z,9179.117111111113
2020-07-01T14:00:00Z,9203.643444444444
2020-07-01T15:00:00Z,9240.19925925926
2020-07-01T16:00:00Z,9277.224148148149
2020-07-01T17:00:00Z,9303.03725925926
2020-07-01T18:00:00Z,9304.539407407408
2020-07-01T19:00:00Z,9285.861296296296
2020-07-01T20:00:00Z,9259.806629629631
2020-07-01T21:00:00Z,9240.675444444445
2020-07-01T22:00:00Z,9233.689333333334
2020-07-01T23:00:00Z,9233.440222222222
2020-07-02T00:00:00Z,9233.269370370372
2020-07-02T01:00:00Z,9237.935814814817
2020-07-02T02:00:00Z,9242.037851851854
2020-07-02T03:00:00Z,9243.670481481482
2020-07-02T04:00:00Z,9242.721962962964
2020-07-02T05:00:00Z,9231.794185185187
2020-07-02T06:00:00Z,9215.76425925926
2020-07-02T07:00:00Z,9203.353851851853
2020-07-02T08:00:00Z,9198.434703703704
2020-07-02T09:00:00Z,9200.343037037039
2020-07-02T10:00:00Z,9202.732962962962
2020-07-02T11:00:00Z,9201.674407407409
2020-07-02T12:00:00Z,9212.685
2020-07-02T13:00:00Z,9230.89062962963
2020-07-02T14:00:00Z,9232.441666666666
2020-07-02T15:00:00Z,9175.362518518517
2020-07-02T16:00:00Z,9093.136074074073
2020-07-02T17:00:00Z,9032.050666666668
2020-07-02T18:00:00Z,9010.680962962962
2020-07-02T19:00:00Z,9016.20025925926
2020-07-02T20:00:00Z,9037.80211111111
2020-07-02T21:00:00Z,9074.654037037035
2020-07-02T22:00:00Z,9103.741925925926
2020-07-02T23:00:00Z,9116.109925925926
2020-07-03T00:00:00Z,9113.744592592591
2020-07-03T01:00:00Z,9108.867296296296
2020-07-03T02:00:00Z,9104.150851851853
2020-07-03T03:00:00Z,9099.482703703705
2020-07-03T04:00:00Z,9095.157074074077
2020-07-03T05:00:00Z,9096.716666666669
2020-07-03T06:00:00Z,9097.573740740741
2020-07-03T07:00:00Z,9100.327703703704
2020-07-03T08:00:00Z,9101.246148148148
2020-07-03T09:00:00Z,9094.781222222222
2020-07-03T10:00:00Z,9086.69962962963
2020-07-03T11:00:00Z,9084.774148148148
2020-07-03T12:00:00Z,9092.613185185188
2020-07-03T13:00:00Z,9097.932481481483
2020-07-03T14:00:00Z,9097.37614814815
2020-07-03T15:00:00Z,9096.835925925929
2020-07-03T16:00:00Z,9094.913074074075
2020-07-03T17:00:00Z,9092.989962962965
2020-07-03T18:00:00Z,9087.588148148147
2020-07-03T19:00:00Z,9084.352518518515
2020-07-03T20:00:00Z,9085.109555555555
2020-07-03T21:00:00Z,9090.793814814815
2020-07-03T22:00:00Z,9092.896592592593
2020-07-03T23:00:00Z,9084.768962962962
2020-07-04T00:00:00Z,9074.905814814812
2020-07-04T01:00:00Z,9068.019148148147
2020-07-04T02:00:00Z,9070.298999999999
2020-07-04T03:00:00Z,9076.458370370372
2020-07-04T04:00:00Z,9082.832925925928
2020-07-04T05:00:00Z,9088.456962962964
2020-07-04T06:00:00Z,9087.88751851852
2020-07-04T07:00:00Z,9083.056407407408
2020-07-04T08:00:00Z,9077.897111111111
2020-07-04T09:00:00Z,9074.174777777778
2020-07-04T10:00:00Z,9069.617296296297
2020-07-04T11:00:00Z,9064.650333333335
2020-07-04T12:00:00Z,9063.478777777776
2020-07-04T13:00:00Z,9068.00311111111
2020-07-04T14:00:00Z,9072.833888888888
2020-07-04T15:00:00Z,9073.847740740739
2020-07-04T16:00:00Z,9074.047296296294
2020-07-04T17:00:00Z,9102.48588888889
2020-07-04T18:00:00Z,9134.50896296296
2020-07-04T19:00:00Z,9154.430185185183
2020-07-04T20:00:00Z,9157.131370370369
2020-07-04T21:00:00Z,9145.595074074074
2020-07-04T22:00:00Z,9135.775370370371
2020-07-04T23:00:00Z,9132.821740740741
2020-07-05T00:00:00Z,9134.206407407408
2020-07-05T01:00:00Z,9134.662296296297
2020-07-05T02:00:00Z,9130.794925925926
2020-07-05T03:00:00Z,9127.392925925926
2020-07-05T04:00:00Z,9124.744481481483
2020-07-05T05:00:00Z,9108.759444444446
2020-07-05T06:00:00Z,9083.335333333334
2020-07-05T07:00:00Z,9060.862222222224
2020-07-05T08:00:00Z,9050.353333333334
2020-07-05T09:00:00Z,9036.164407407407
2020-07-05T10:00:00Z,9024.44737037037
2020-07-05T11:00:00Z,9018.438222222223
2020-07-05T12:00:00Z,9021.774814814815
2020-07-05T13:00:00Z,9021.768666666669
2020-07-05T14:00:00Z,9023.740888888888
2020-07-05T15:00:00Z,9024.766592592592
2020-07-05T16:00:00Z,9027.908555555556
2020-07-05T17:00:00Z,9031.590925925926
2020-07-05T18:00:00Z,9036.666370370369
2020-07-05T19:00:00Z,9037.884814814812
2020-07-05T20:00:00Z,9031.381148148146
2020-07-05T21:00:00Z,9028.06611111111
2020-07-05T22:00:00Z,9040.890777777777
2020-07-05T23:00:00Z,9060.81625925926
2020-07-06T00:00:00Z,9076.497740740742
2020-07-06T01:00:00Z,9087.152851851852
2020-07-06T02:00:00Z,9094.633666666667
2020-07-06T03:00:00Z,9098.794074074074
2020-07-06T04:00:00Z,9100.874703703705
2020-07-06T05:00:00Z,9106.078481481482
2020-07-06T06:00:00Z,9145.740740740739
2020-07-06T07:00:00Z,9190.282074074074
2020-07-06T08:00:00Z,9221.248000000001
2020-07-06T09:00:00Z,9232.663111111111
2020-07-06T10:00:00Z,9225.82637037037
2020-07-06T11:00:00Z,9223.765222222222
2020-07-06T12:00:00Z,9239.691185185186
2020-07-06T13:00:00Z,9257.549333333334
2020-07-06T14:00:00Z,9269.980962962962
2020-07-06T15:00:00Z,9287.413999999999
2020-07-06T16:00:00Z,9307.047407407406
2020-07-06T17:00:00Z,9323.36677777778
2020-07-06T18:00:00Z,9326.320481481484
2020-07-06T19:00:00Z,9317.12225925926
2020-07-06T20:00:00Z,9299.703481481482
2020-07-06T21:00:00Z,9282.211111111112
2020-07-06T22:00:00Z,9275.605814814813
2020-07-06T23:00:00Z,9293.357037037036
2020-07-07T00:00:00Z,9317.330148148149
2020-07-07T01:00:00Z,9331.19374074074
2020-07-07T02:00:00Z,9321.648481481481
2020-07-07T03:00:00Z,9305.127481481482
2020-07-07T04:00:00Z,9287.718370370372
2020-07-07T05:00:00Z,9278.271444444445
2020-07-07T06:00:00Z,9272.681296296296
2020-07-07T07:00:00Z,9265.315481481479
2020-07-07T08:00:00Z,9260.756481481481
2020-07-07T09:00:00Z,9245.841407407408
2020-07-07T10:00:00Z,9235.736962962963
2020-07-07T11:00:00Z,9238.747148148148
2020-07-07T12:00:00Z,9250.341333333332
2020-07-07T13:00:00Z,9261.673148148147
2020-07-07T14:00:00Z,9264.759296296297
2020-07-07T15:00:00Z,9267.573666666667
2020-07-07T16:00:00Z,9267.362777777775
2020-07-07T17:00:00Z,9273.076555555554
2020-07-07T18:00:00Z,9276.535000000002
2020-07-07T19:00:00Z,9267.150888888891
2020-07-07T20:00:00Z,9256.812888888891
2020-07-07T21:00:00Z,9246.83777777778
2020-07-07T22:00:00Z,9242.226925925926
2020-07-07T23:00:00Z,9243.71966666667
2020-07-08T00:00:00Z,9244.318222222224
2020-07-08T01:00:00Z,9254.007629629632
2020-07-08T02:00:00Z,9273.331592592593
2020-07-08T03:00:00Z,9296.326814814814
2020-07-08T04:00:00Z,9301.044333333331
2020-07-08T05:00:00Z,9292.726037037035
2020-07-08T06:00:00Z,9276.398333333333
2020-07-08T07:00:00Z,9268.99037037037
2020-07-08T08:00:00Z,9270.70362962963
2020-07-08T09:00:00Z,9276.193666666666
2020-07-08T10:00:00Z,9285.840370370372
2020-07-08T11:00:00Z,9299.089259259259
2020-07-08T12:00:00Z,9305.678592592592
2020-07-08T13:00:00Z,9351.06037037037
2020-07-08T14:00:00Z,9404.172185185185
2020-07-08T15:00:00Z,9442.825481481483
2020-07-08T16:00:00Z,9456.765407407407
2020-07-08T17:00:00Z,9452.021
2020-07-08T18:00:00Z,9441.31274074074
2020-07-08T19:00:00Z,9437.314259259258
2020-07-08T20:00:00Z,9436.054703703701
2020-07-08T21:00:00Z,9435.87737037037
2020-07-08T22:00:00Z,9442.094370370369
2020-07-08T23:00:00Z,9444.577888888889
2020-07-09T00:00:00Z,9437.80388888889
2020-07-09T01:00:00Z,9416.032851851853
2020-07-09T02:00:00Z,9390.891962962964
2020-07-09T03:00:00Z,9374.791888888889
2020-07-09T04:00:00Z,9369.834222222225
2020-07-09T05:00:00Z,9370.687407407406
2020-07-09T06:00:00Z,9381.919629629629
2020-07-09T07:00:00Z,9393.184925925925
2020-07-09T08:00:00Z,9400.344
2020-07-09T09:00:00Z,9398.508925925926
2020-07-09T10:00:00Z,9385.701925925927
2020-07-09T11:00:00Z,9381.636037037037
2020-07-09T12:00:00Z,9392.476518518519
2020-07-09T13:00:00Z,9402.225148148149
2020-07-09T14:00:00Z,9376.875333333335
2020-07-09T15:00:00Z,9307.08040740741
2020-07-09T16:00:00Z,9233.95662962963
2020-07-09T17:00:00Z,9182.100148148149
2020-07-09T18:00:00Z,9169.050000000001
2020-07-09T19:00:00Z,9178.406407407407
2020-07-09T20:00:00Z,9199.428333333335
2020-07-09T21:00:00Z,9223.892703703705
2020-07-09T22:00:00Z,9242.084111111113
2020-07-09T23:00:00Z,9249.23062962963
2020-07-10T00:00:00Z,9240.009407407406
2020-07-10T01:00:00Z,9227.085851851849
2020-07-10T02:00:00Z,9214.31811111111
2020-07-10T03:00:00Z,9208.13785185185
2020-07-10T04:00:00Z,9184.560481481481
2020-07-10T05:00:00Z,9156.839037037038
2020-07-10T06:00:00Z,9131.389740740742
2020-07-10T07:00:00Z,9121.244814814814
2020-07-10T08:00:00Z,9130.488888888889
2020-07-10T09:00:00Z,9151.521333333332
2020-07-10T10:00:00Z,9172.268037037036
2020-07-10T11:00:00Z,9178.299740740738
2020-07-10T12:00:00Z,9181.724037037035
2020-07-10T13:00:00Z,9180.692074074073
2020-07-10T14:00:00Z,9182.794037037036
2020-07-10T15:00:00Z,9202.142962962964
2020-07-10T16:00:00Z,9221.056407407408
2020-07-10T17:00:00Z,9233.919851851851
2020-07-10T18:00:00Z,9235.622888888889
2020-07-10T19:00:00Z,9235.205851851852
2020-07-10T20:00:00Z,9234.335666666668
2020-07-10T21:00:00Z,9230.493555555557
2020-07-10T22:00:00Z,9228.858851851854
2020-07-10T23:00:00Z,9246.566666666668
2020-07-11T00:00:00Z,9268.828148148148
2020-07-11T01:00:00Z,9288.61725925926
2020-07-11T02:00:00Z,9296.10811111111
2020-07-11T03:00:00Z,9289.57685185185
2020-07-11T04:00:00Z,9275.634925925928
2020-07-11T05:00:00Z,9262.729000000001
2020-07-11T06:00:00Z,9254.718814814814
2020-07-11T07:00:00Z,9256.002074074075
2020-07-11T08:00:00Z,9259.047037037039
2020-07-11T09:00:00Z,9245.796333333332
2020-07-11T10:00:00Z,9225.65848148148
2020-07-11T11:00:00Z,9204.507444444442
2020-07-11T12:00:00Z,9193.965888888888
2020-07-11T13:00:00Z,9198.15751851852
2020-07-11T14:00:00Z,9211.47462962963
2020-07-11T15:00:00Z,9223.825555555555
2020-07-11T16:00:00Z,9226.990185185183
2020-07-11T17:00:00Z,9225.778925925923
2020-07-11T18:00:00Z,9224.345370370369
2020-07-11T19:00:00Z,9219.277296296297
2020-07-11T20:00:00Z,9215.302259259259
2020-07-11T21:00:00Z,9215.031555555553
2020-07-11T22:00:00Z,9216.096259259257
2020-07-11T23:00:00Z,9222.950444444445
2020-07-12T00:00:00Z,9235.93874074074
2020-07-12T01:00:00Z,9254.962037037036
2020-07-12T02:00:00Z,9271.916074074072
2020-07-12T03:00:00Z,9283.174222222224
2020-07-12T04:00:00Z,9284.991666666669
2020-07-12T05:00:00Z,9281.491037037038
2020-07-12T06:00:00Z,9272.31951851852
2020-07-12T07:00:00Z,9262.53114814815
2020-07-12T08:00:00Z,9254.333481481483
2020-07-12T09:00:00Z,9251.886777777778
2020-07-12T10:00:00Z,9253.48725925926
2020-07-12T11:00:00Z,9253.088740740743
2020-07-12T12:00:00Z,9256.901000000003
2020-07-12T13:00:00Z,9244.999222222224
2020-07-12T14:00:00Z,9229.317555555555
2020-07-12T15:00:00Z,9213.86585185185
2020-07-12T16:00:00Z,9205.479666666664
2020-07-12T17:00:00Z,9205.066037037037
2020-07-12T18:00:00Z,9208.979962962962
2020-07-12T19:00:00Z,9214.626333333332
2020-07-12T20:00:00Z,9222.520814814816
2020-07-12T21:00:00Z,9241.190185185185
2020-07-12T22:00:00Z,9269.545740740741
2020-07-12T23:00:00Z,9297.983666666669
2020-07-13T00:00:00Z,9307.668518518522
2020-07-13T01:00:00Z,9304.207111111113
2020-07-13T02:00:00Z,9293.26888888889
2020-07-13T03:00:00Z,9281.282740740742
2020-07-13T04:00:00Z,9271.675259259258
2020-07-13T05:00:00Z,9269.129518518517
2020-07-13T06:00:00Z,9265.969
2020-07-13T07:00:00Z,9264.435333333333
2020-07-13T08:00:00Z,9267.196407407406
2020-07-13T09:00:00Z,9273.132925925924
2020-07-13T10:00:00Z,9281.245703703702
2020-07-13T11:00:00Z,9293.543148148148
2020-07-13T12:00:00Z,9307.372481481483
2020-07-13T13:00:00Z,9319.385592592595
2020-07-13T14:00:00Z,9321.021925925927
2020-07-13T15:00:00Z,9311.49274074074
2020-07-13T16:00:00Z,9301.72622222222
2020-07-13T17:00:00Z,9300.932296296296
2020-07-13T18:00:00Z,9297.970814814817
2020-07-13T19:00:00Z,9276.313666666667
2020-07-13T20:00:00Z,9252.494333333334
2020-07-13T21:00:00Z,9235.020740740742
2020-07-13T22:00:00Z,9226.913148148149
2020-07-13T23:00:00Z,9226.114
2020-07-14T00:00:00Z,9221.649444444445
2020-07-14T01:00:00Z,9220.222370370371
2020-07-14T02:00:00Z,9218.19125925926
2020-07-14T03:00:00Z,9215.097333333335
2020-07-14T04:00:00Z,9203.267777777779
2020-07-14T05:00:00Z,9187.675481481483
2020-07-14T06:00:00Z,9176.739666666668
2020-07-14T07:00:00Z,9171.293074074076
2020-07-14T08:00:00Z,9174.637888888888
2020-07-14T09:00:00Z,9182.003592592591
2020-07-14T10:00:00Z,9185.354222222222
2020-07-14T11:00:00Z,9199.23525925926
2020-07-14T12:00:00Z,9209.094592592592
2020-07-14T13:00:00Z,9213.366629629629
2020-07-14T14:00:00Z,9214.367518518518
2020-07-14T15:00:00Z,9215.045111111109
2020-07-14T16:00:00Z,9219.082407407406
2020-07-14T17:00:00Z,9231.731814814813
2020-07-14T18:00:00Z,9245.957666666663
2020-07-14T19:00:00Z,9262.317777777776
2020-07-14T20:00:00Z,9275.609444444444
2020-07-14T21:00:00Z,9273.720703703702
2020-07-14T22:00:00Z,9266.214444444444
2020-07-14T23:00:00Z,9258.536259259257
2020-07-15T00:00:00Z,9255.95259259259
2020-07-15T01:00:00Z,9253.551962962962
2020-07-15T02:00:00Z,9249.301296296297
2020-07-15T03:00:00Z,9240.973962962964
2020-07-15T04:00:00Z,9235.702444444445
2020-07-15T05:00:00Z,9234.017296296295
2020-07-15T06:00:00Z,9232.562148148148
2020-07-15T07:00:00Z,9230.675962962965
2020-07-15T08:00:00Z,9223.585481481483
2020-07-15T09:00:00Z,9217.469740740742
2020-07-15T10:00:00Z,9218.807037037035
2020-07-15T11:00:00Z,9218.075740740738
2020-07-15T12:00:00Z,9223.77362962963
2020-07-15T13:00:00Z,9225.49948148148
2020-07-15T14:00:00Z,9230.620074074073
2020-07-15T15:00:00Z,9222.797185185187
2020-07-15T16:00:00Z,9211.979407407409
2020-07-15T17:00:00Z,9200.953851851851
2020-07-15T18:00:00Z,9188.208518518519
2020-07-15T19:00:00Z,9176.822407407408
2020-07-15T20:00:00Z,9179.684814814815
2020-07-15T21:00:00Z,9195.789703703702
2020-07-15T22:00:00Z,9208.615111111108
2020-07-15T23:00:00Z,9209.97733333333
2020-07-16T00:00:00Z,9206.712037037038
2020-07-16T01:00:00Z,9205.553333333333
2020-07-16T02:00:00Z,9202.698037037038
2020-07-16T03:00:00Z,9199.220074074075
2020-07-16T04:00:00Z,9195.637814814816
2020-07-16T05:00:00Z,9192.159592592592
2020-07-16T06:00:00Z,9183.59262962963
2020-07-16T07:00:00Z,9156.023074074075
2020-07-16T08:00:00Z,9123.740851851851
2020-07-16T09:00:00Z,9083.540296296296
2020-07-16T10:00:00Z,9060.281851851852
2020-07-16T11:00:00Z,9048.991444444444
2020-07-16T12:00:00Z,9048.870518518519
2020-07-16T13:00:00Z,9055.42748148148
2020-07-16T14:00:00Z,9071.218925925927
2020-07-16T15:00:00Z,9092.708074074073
2020-07-16T16:00:00Z,9111.485111111111
2020-07-16T17:00:00Z,9125.193555555557
2020-07-16T18:00:00Z,9128.929814814815
2020-07-16T19:00:00Z,9128.301666666668
2020-07-16T20:00:00Z,9120.14437037037
2020-07-16T21:00:00Z,9117.158703703704
2020-07-16T22:00:00Z,9121.057925925925
2020-07-16T23:00:00Z,9127.744592592593
2020-07-17T00:00:00Z,9128.794777777779
2020-07-17T01:00:00Z,9123.837296296297
2020-07-17T02:00:00Z,9119.032814814816
2020-07-17T03:00:00Z,9114.442666666668
2020-07-17T04:00:00Z,9111.329740740743
2020-07-17T05:00:00Z,9103.731185185185
2020-07-17T06:00:00Z,9101.18788888889
2020-07-17T07:00:00Z,9098.743444444444
2020-07-17T08:00:00Z,9097.999074074074
2020-07-17T09:00:00Z,9100.847333333333
2020-07-17T10:00:00Z,9105.586925925927
2020-07-17T11:00:00Z,9116.710962962963
2020-07-17T12:00:00Z,9135.949518518517
2020-07-17T13:00:00Z,9154.628962962963
2020-07-17T14:00:00Z,9163.756407407407
2020-07-17T15:00:00Z,9162.54174074074
2020-07-17T16:00:00Z,9157.17348148148
2020-07-17T17:00:00Z,9152.827555555554
2020-07-17T18:00:00Z,9155.126851851852
2020-07-17T19:00:00Z,9160.742037037038
2020-07-17T20:00:00Z,9163.31740740741
2020-07-17T21:00:00Z,9161.062222222223
2020-07-17T22:00:00Z,9159.822407407408
2020-07-17T23:00:00Z,9157.705925925926
2020-07-18T00:00:00Z,9155.392777777779
2020-07-18T01:00:00Z,9150.121666666668
2020-07-18T02:00:00Z,9144.620962962965
2020-07-18T03:00:00Z,9139.000333333332
2020-07-18T04:00:00Z,9137.720518518516
2020-07-18T05:00:00Z,9137.077518518518
2020-07-18T06:00:00Z,9136.77888888889
2020-07-18T07:00:00Z,9136.489666666668
2020-07-18T08:00:00Z,9141.726740740743
2020-07-18T09:00:00Z,9153.555185185187
2020-07-18T10:00:00Z,9166.078851851851
2020-07-18T11:00:00Z,9172.464518518518
2020-07-18T12:00:00Z,9174.303962962962
2020-07-18T13:00:00Z,9173.036185185183
2020-07-18T14:00:00Z,9171.344296296294
2020-07-18T15:00:00Z,9171.620296296294
2020-07-18T16:00:00Z,9171.193962962961
2020-07-18T17:00:00Z,9172.155259259258
2020-07-18T18:00:00Z,9177.925259259258
2020-07-18T19:00:00Z,9178.561888888888
2020-07-18T20:00:00Z,9179.186444444445
2020-07-18T21:00:00Z,9178.365444444444
2020-07-18T22:00:00Z,9176.606074074072
2020-07-18T23:00:00Z,9175.796666666665
2020-07-19T00:00:00Z,9176.295703703705
2020-07-19T01:00:00Z,9173.589592592594
2020-07-19T02:00:00Z,9168.409555555556
2020-07-19T03:00:00Z,9160.791296296296
2020-07-19T04:00:00Z,9153.809962962963
2020-07-19T05:00:00Z,9146.788592592595
2020-07-19T06:00:00Z,9146.070703703705
2020-07-19T07:00:00Z,9148.68862962963
2020-07-19T08:00:00Z,9152.652666666667
2020-07-19T09:00:00Z,9155.566037037037
2020-07-19T10:00:00Z,9147.45537037037
2020-07-19T11:00:00Z,9135.553555555554
2020-07-19T12:00:00Z,9127.539444444441
2020-07-19T13:00:00Z,9124.52174074074
2020-07-19T14:00:00Z,9127.29088888889
2020-07-19T15:00:00Z,9127.320851851851
2020-07-19T16:00:00Z,9134.769037037038
2020-07-19T17:00:00Z,9144.810333333333
2020-07-19T18:00:00Z,9157.238666666666
2020-07-19T19:00:00Z,9168.50822222222
2020-07-19T20:00:00Z,9176.165629629626
2020-07-19T21:00:00Z,9180.86411111111
2020-07-19T22:00:00Z,9187.541962962961
2020-07-19T23:00:00Z,9200.057555555553
2020-07-20T00:00:00Z,9206.198592592593
2020-07-20T01:00:00Z,9201.797370370372
2020-07-20T02:00:00Z,9194.57162962963
2020-07-20T03:00:00Z,9188.360777777778
2020-07-20T04:00:00Z,9183.649518518518
2020-07-20T05:00:00Z,9184.294
2020-07-20T06:00:00Z,9183.687703703705
2020-07-20T07:00:00Z,9182.156000000003
2020-07-20T08:00:00Z,9181.963925925926
2020-07-20T09:00:00Z,9182.359703703703
2020-07-20T10:00:00Z,9174.993111111113
2020-07-20T11:00:00Z,9162.434185185186
2020-07-20T12:00:00Z,9152.591740740741
2020-07-20T13:00:00Z,9144.580148148149
2020-07-20T14:00:00Z,9148.360777777778
2020-07-20T15:00:00Z,9159.34977777778
2020-07-20T16:00:00Z,9171.316814814818
2020-07-20T17:00:00Z,9185.449333333336
2020-07-20T18:00:00Z,9192.276925925926
2020-07-20T19:00:00Z,9185.289407407407
2020-07-20T20:00:00Z,9177.361666666666
2020-07-20T21:00:00Z,9170.834111111111
2020-07-20T22:00:00Z,9167.726555555555
2020-07-20T23:00:00Z,9164.785629629629
2020-07-21T00:00:00Z,9164.847111111112
2020-07-21T01:00:00Z,9169.259962962962
2020-07-21T02:00:00Z,9175.557999999999
2020-07-21T03:00:00Z,9180.55837037037
2020-07-21T04:00:00Z,9181.81062962963
2020-07-21T05:00:00Z,9184.081370370373
2020-07-21T06:00:00Z,9188.774592592594
2020-07-21T07:00:00Z,9231.799333333334
2020-07-21T08:00:00Z,9284.590444444446
2020-07-21T09:00:00Z,9328.972962962962
2020-07-21T10:00:00Z,9362.21
2020-07-21T11:00:00Z,9377.136592592595
2020-07-21T12:00:00Z,9387.758000000002
2020-07-21T13:00:00Z,9404.841666666667
2020-07-21T14:00:00Z,9411.871074074073
2020-07-21T15:00:00Z,9396.36937037037
2020-07-21T16:00:00Z,9376.66462962963
2020-07-21T17:00:00Z,9363.069851851853
2020-07-21T18:00:00Z,9368.84562962963
2020-07-21T19:00:00Z,9373.38962962963
2020-07-21T20:00:00Z,9376.578444444445
2020-07-21T21:00:00Z,9380.184629629632
2020-07-21T22:00:00Z,9384.316666666668
2020-07-21T23:00:00Z,9390.983000000002
2020-07-22T00:00:00Z,9386.682629629631
2020-07-22T01:00:00Z,9378.965555555556
2020-07-22T02:00:00Z,9370.214814814812
2020-07-22T03:00:00Z,9364.166740740739
2020-07-22T04:00:00Z,9357.751814814814
2020-07-22T05:00:00Z,9351.079481481482
2020-07-22T06:00:00Z,9343.228407407407
2020-07-22T07:00:00Z,9326.843333333332
2020-07-22T08:00:00Z,9312.829962962962
2020-07-22T09:00:00Z,9304.64785185185
2020-07-22T10:00:00Z,9312.019407407408
2020-07-22T11:00:00Z,9329.21548148148
2020-07-22T12:00:00Z,9340.649148148148
2020-07-22T13:00:00Z,9344.059777777778
2020-07-22T14:00:00Z,9343.444185185184
2020-07-22T15:00:00Z,9342.85437037037
2020-07-22T16:00:00Z,9342.612555555555
2020-07-22T17:00:00Z,9350.987703703704
2020-07-22T18:00:00Z,9362.716185185185
2020-07-22T19:00:00Z,9375.37074074074
2020-07-22T20:00:00Z,9382.603037037037
2020-07-22T21:00:00Z,9386.846037037038
2020-07-22T22:00:00Z,9427.549222222224
2020-07-22T23:00:00Z,9488.080481481482
2020-07-23T00:00:00Z,9540.548592592591
2020-07-23T01:00:00Z,9571.33674074074
2020-07-23T02:00:00Z,9569.83396296296
2020-07-23T03:00:00Z,9550.95422222222
2020-07-23T04:00:00Z,9530.749259259257
2020-07-23T05:00:00Z,9513.029148148147
2020-07-23T06:00:00Z,9503.497518518518
2020-07-23T07:00:00Z,9499.466444444444
2020-07-23T08:00:00Z,9507.18525925926
2020-07-23T09:00:00Z,9513.993925925924
2020-07-23T10:00:00Z,9513.874333333333
2020-07-23T11:00:00Z,9511.830111111112
2020-07-23T12:00:00Z,9503.385851851852
2020-07-23T13:00:00Z,9499.02648148148
2020-07-23T14:00:00Z,9497.805777777778
2020-07-23T15:00:00Z,9508.716407407406
2020-07-23T16:00:00Z,9555.03522222222
2020-07-23T17:00:00Z,9606.234296296294
2020-07-23T18:00:00Z,9635.084666666668
2020-07-23T19:00:00Z,9640.416814814815
2020-07-23T20:00:00Z,9626.524851851851
2020-07-23T21:00:00Z,9618.47311111111
2020-07-23T22:00:00Z,9612.52685185185
2020-07-23T23:00:00Z,9611.941925925925
2020-07-24T00:00:00Z,9607.239074074074
2020-07-24T01:00:00Z,9597.206407407408
2020-07-24T02:00:00Z,9585.340148148149
2020-07-24T03:00:00Z,9572.782148148148
2020-07-24T04:00:00Z,9557.001518518518
2020-07-24T05:00:00Z,9546.633111111112
2020-07-24T06:00:00Z,9520.828370370371
2020-07-24T07:00:00Z,9502.268925925926
2020-07-24T08:00:00Z,9493.242037037036
2020-07-24T09:00:00Z,9501.425074074074
2020-07-24T10:00:00Z,9521.644925925926
2020-07-24T11:00:00Z,9537.055148148149
2020-07-24T12:00:00Z,9542.521740740742
2020-07-24T13:00:00Z,9535.60651851852
2020-07-24T14:00:00Z,9533.82925925926
2020-07-24T15:00:00Z,9540.965629629629
2020-07-24T16:00:00Z,9562.096888888887
2020-07-24T17:00:00Z,9578.88222222222
2020-07-24T18:00:00Z,9592.962444444443
2020-07-24T19:00:00Z,9600.683407407407
2020-07-24T20:00:00Z,9614.281074074075
2020-07-24T21:00:00Z,9623.050592592592
2020-07-24T22:00:00Z,9607.50762962963
2020-07-24T23:00:00Z,9580.031444444443
2020-07-25T00:00:00Z,9552.698888888886
2020-07-25T01:00:00Z,9545.780592592591
2020-07-25T02:00:00Z,9554.640629629628
2020-07-25T03:00:00Z,9571.75377777778
2020-07-25T04:00:00Z,9587.390629629628
2020-07-25T05:00:00Z,9598.472296296295
2020-07-25T06:00:00Z,9604.133111111112
2020-07-25T07:00:00Z,9600.171185185185
2020-07-25T08:00:00Z,9596.700518518519
2020-07-25T09:00:00Z,9590.70911111111
2020-07-25T10:00:00Z,9587.637407407406
2020-07-25T11:00:00Z,9586.161148148147
2020-07-25T12:00:00Z,9594.037962962962
2020-07-25T13:00:00Z,9599.232333333332
2020-07-25T14:00:00Z,9600.976888888888
2020-07-25T15:00:00Z,9601.822777777777
2020-07-25T16:00:00Z,9610.050074074074
2020-07-25T17:00:00Z,9645.88385185185
2020-07-25T18:00:00Z,9680.097407407406
2020-07-25T19:00:00Z,9704.199740740742
2020-07-25T20:00:00Z,9724.483814814817
2020-07-25T21:00:00Z,9729.801814814817
2020-07-25T22:00:00Z,9731.242074074073
2020-07-25T23:00:00Z,9727.014296296296
2020-07-26T00:00:00Z,9717.036518518518
2020-07-26T01:00:00Z,9699.756037037036
2020-07-26T02:00:00Z,9684.387296296298
2020-07-26T03:00:00Z,9676.411999999998
2020-07-26T04:00:00Z,9673.276777777777
2020-07-26T05:00:00Z,9676.596
2020-07-26T06:00:00Z,9687.373037037038
2020-07-26T07:00:00Z,9705.087074074074
2020-07-26T08:00:00Z,9740.332111111113
2020-07-26T09:00:00Z,9795.801000000001
2020-07-26T10:00:00Z,9897.619555555555
2020-07-26T11:00:00Z,9986.002
2020-07-26T12:00:00Z,10010.730407407407
2020-07-26T13:00:00Z,9984.869962962965
2020-07-26T14:00:00Z,9956.514962962965
2020-07-26T15:00:00Z,9951.36037037037
2020-07-26T16:00:00Z,9943.92462962963
2020-07-26T17:00:00Z,9933.49988888889
2020-07-26T18:00:00Z,9923.057185185184
2020-07-26T19:00:00Z,9903.303703703703
2020-07-26T20:00:00Z,9891.505444444445
2020-07-26T21:00:00Z,9882.438518518518
2020-07-26T22:00:00Z,9890.985444444445
2020-07-26T23:00:00Z,9912.40074074074
2020-07-27T00:00:00Z,9947.799111111111
2020-07-27T01:00:00Z,10012.875481481482
2020-07-27T02:00:00Z,10069.408333333333
2020-07-27T03:00:00Z,10163.96374074074
2020-07-27T04:00:00Z,10238.501592592593
2020-07-27T05:00:00Z,10304.813185185187
2020-07-27T06:00:00Z,10340.240703703705
2020-07-27T07:00:00Z,10310.24125925926
2020-07-27T08:00:00Z,10254.175703703704
2020-07-27T09:00:00Z,10222.54974074074
2020-07-27T10:00:00Z,10227.16822222222
2020-07-27T11:00:00Z,10251.810296296297
2020-07-27T12:00:00Z,10284.626925925926
2020-07-27T13:00:00Z,10328.002148148147
2020-07-27T14:00:00Z,10385.964962962962
2020-07-27T15:00:00Z,10400.996111111112
2020-07-27T16:00:00Z,10511.426259259259
2020-07-27T17:00:00Z,10695.355740740742
2020-07-27T18:00:00Z,10872.388888888889
2020-07-27T19:00:00Z,10963.788555555555
2020-07-27T20:00:00Z,10985.955111111112
2020-07-27T21:00:00Z,11037.969111111111
2020-07-27T22:00:00Z,11147.646666666667
2020-07-27T23:00:00Z,11206.115777777779
2020-07-28T00:00:00Z,11235.878962962961
2020-07-28T01:00:00Z,11243.337
2020-07-28T02:00:00Z,11179.999925925926
2020-07-28T03:00:00Z,11092.005518518521
2020-07-28T04:00:00Z,11027.189962962962
2020-07-28T05:00:00Z,10955.113481481481
2020-07-28T06:00:00Z,10918.952444444445
2020-07-28T07:00:00Z,10886.789814814814
2020-07-28T08:00:00Z,10820.095296296297
2020-07-28T09:00:00Z,10763.202185185184
2020-07-28T10:00:00Z,10739.958962962963
2020-07-28T11:00:00Z,10803.079740740743
2020-07-28T12:00:00Z,10904.283074074074
2020-07-28T13:00:00Z,10993.457074074075
2020-07-28T14:00:00Z,11097.910518518518
2020-07-28T15:00:00Z,11179.522814814816
2020-07-28T16:00:00Z,11172.018407407406
2020-07-28T17:00:00Z,11098.879629629628
2020-07-28T18:00:00Z,10998.390185185184
2020-07-28T19:00:00Z,10947.733777777778
2020-07-28T20:00:00Z,10939.821814814815
2020-07-28T21:00:00Z,10965.754629629628
2020-07-28T22:00:00Z,10980.224407407404
2020-07-28T23:00:00Z,10970.418185185184
2020-07-29T00:00:00Z,10935.490333333333
2020-07-29T01:00:00Z,10902.773962962963
2020-07-29T02:00:00Z,10887.192
2020-07-29T03:00:00Z,10909.548703703702
2020-07-29T04:00:00Z,10938.345259259257
2020-07-29T05:00:00Z,10961.35544444444
2020-07-29T06:00:00Z,11007.158999999998
2020-07-29T07:00:00Z,11038.529777777776
2020-07-29T08:00:00Z,11088.755148148148
2020-07-29T09:00:00Z,11101.113444444445
2020-07-29T10:00:00Z,11095.867185185189
2020-07-29T11:00:00Z,11094.184074074074
2020-07-29T12:00:00Z,11101.262333333332
2020-07-29T13:00:00Z,11110.468407407408
2020-07-29T14:00:00Z,11116.884962962964
2020-07-29T15:00:00Z,11137.171296296297
2020-07-29T16:00:00Z,11193.872074074074
2020-07-29T17:00:00Z,11230.04351851852
2020-07-29T18:00:00Z,11250.382888888887
2020-07-29T19:00:00Z,11248.017518518516
2020-07-29T20:00:00Z,11238.294259259259
2020-07-29T21:00:00Z,11255.864148148148
2020-07-29T22:00:00Z,11271.938296296297
2020-07-29T23:00:00Z,11236.643074074076
2020-07-30T00:00:00Z,11178.24325925926
2020-07-30T01:00:00Z,11102.957592592595
2020-07-30T02:00:00Z,11024.661740740741
2020-07-30T03:00:00Z,10971.968
2020-07-30T04:00:00Z,10957.43148148148
2020-07-30T05:00:00Z,10962.646111111108
2020-07-30T06:00:00Z,10976.566925925925
2020-07-30T07:00:00Z,10968.696777777775
2020-07-30T08:00:00Z,10971.03385185185
2020-07-30T09:00:00Z,10973.239407407405
2020-07-30T10:00:00Z,10964.996703703704
2020-07-30T11:00:00Z,10946.410592592592
2020-07-30T12:00:00Z,10929.243925925928
2020-07-30T13:00:00Z,10947.102851851856
2020-07-30T14:00:00Z,10967.405074074079
2020-07-30T15:00:00Z,10995.556037037039
2020-07-30T16:00:00Z,11016.614592592596
2020-07-30T17:00:00Z,11037.915740740742
2020-07-30T18:00:00Z,11070.609370370372
2020-07-30T19:00:00Z,11111.746185185186
2020-07-30T20:00:00Z,11150.736444444445
2020-07-30T21:00:00Z,11159.680259259258
2020-07-30T22:00:00Z,11172.455444444444
2020-07-30T23:00:00Z,11163.912925925928
2020-07-31T00:00:00Z,11131.093481481483
2020-07-31T01:00:00Z,11080.938740740741
2020-07-31T02:00:00Z,11026.400962962964
2020-07-31T03:00:00Z,10985.733814814817
2020-07-31T04:00:00Z,10987.84692592593
2020-07-31T05:00:00Z,11008.878185185187
2020-07-31T06:00:00Z,11065.612814814818
2020-07-31T07:00:00Z,11122.661074074073
2020-07-31T08:00:00Z,11159.322370370372
2020-07-31T09:00:00Z,11166.84162962963
2020-07-31T10:00:00Z,11171.628888888888
2020-07-31T11:00:00Z,11192.847925925926
2020-07-31T12:00:00Z,11226.371703703704
2020-07-31T13:00:00Z,11231.935703703706
2020-07-31T14:00:00Z,11244.862777777778
2020-07-31T15:00:00Z,11288.41625925926
2020-07-31T16:00:00Z,11345.294925925928
2020-07-31T17:00:00Z,11369.67488888889
2020-07-31T18:00:00Z,11346.930074074073
2020-07-31T19:00:00Z,11324.578185185184
2020-07-31T20:00:00Z,11320.678740740741
2020-07-31T21:00:00Z,11350.548333333332
2020-07-31T22:00:00Z,11363.336037037037
2020-07-31T23:00:00Z,11366.031888888892
2020-08-01T00:00:00Z,11334.092962962963
2020-08-01T01:00:00Z,11297.654518518519
2020-08-01T02:00:00Z,11289.799962962963
2020-08-01T03:00:00Z,11311.849074074073
2020-08-01T04:00:00Z,11355.07088888889
2020-08-01T05:00:00Z,11458.803999999998
2020-08-01T06:00:00Z,11581.464629629632
2020-08-01T07:00:00Z,11685.821000000002
2020-08-01T08:00:00Z,11746.752518518517
2020-08-01T09:00:00Z,11768.212740740744
2020-08-01T10:00:00Z,11743.863777777779
2020-08-01T11:00:00Z,11711.236814814814
2020-08-01T12:00:00Z,11687.672037037037
2020-08-01T13:00:00Z,11635.869444444446
2020-08-01T14:00:00Z,11602.935592592592
2020-08-01T15:00:00Z,11597.531333333332
2020-08-01T16:00:00Z,11616.550370370367
2020-08-01T17:00:00Z,11673.705259259257
2020-08-01T18:00:00Z,11711.659888888886
2020-08-01T19:00:00Z,11757.816962962963
2020-08-01T20:00:00Z,11810.646296296298
2020-08-01T21:00:00Z,11835.168851851855
2020-08-01T22:00:00Z,11841.09188888889
2020-08-01T23:00:00Z,11832.699925925925
2020-08-02T00:00:00Z,11819.754074074073
2020-08-02T01:00:00Z,11855.42511111111
2020-08-02T02:00:00Z,11907.30525925926
2020-08-02T03:00:00Z,11971.73888888889
2020-08-02T04:00:00Z,11773.641814814815
2020-08-02T05:00:00Z,11484.836037037036
2020-08-02T06:00:00Z,11235.194111111108
2020-08-02T07:00:00Z,11126.662592592591
2020-08-02T08:00:00Z,11133.868592592591
2020-08-02T09:00:00Z,11186.93351851852
2020-08-02T10:00:00Z,11225.337925925929
2020-08-02T11:00:00Z,11197.038962962964
2020-08-02T12:00:00Z,11108.337407407409
2020-08-02T13:00:00Z,11042.920481481482
2020-08-02T14:00:00Z,11031.278222222225
2020-08-02T15:00:00Z,11050.76881481482
2020-08-02T16:00:00Z,11110.380074074075
2020-08-02T17:00:00Z,11187.13362962963
2020-08-02T18:00:00Z,11245.412518518518
2020-08-02T19:00:00Z,11267.153518518518
2020-08-02T20:00:00Z,11222.411851851852
2020-08-02T21:00:00Z,11165.60214814815
2020-08-02T22:00:00Z,11119.906185185182
2020-08-02T23:00:00Z,11083.714074074072
2020-08-03T00:00:00Z,11078.526962962962
2020-08-03T01:00:00Z,11085.210296296296
2020-08-03T02:00:00Z,11119.813629629629
2020-08-03T03:00:00Z,11145.722296296299
2020-08-03T04:00:00Z,11167.49911111111
2020-08-03T05:00:00Z,11186.304111111109
2020-08-03T06:00:00Z,11199.013
2020-08-03T07:00:00Z,11210.261629629633
2020-08-03T08:00:00Z,11211.182037037035
2020-08-03T09:00:00Z,11187.371074074073
2020-08-03T10:00:00Z,11177.43437037037
2020-08-03T11:00:00Z,11189.749370370371
2020-08-03T12:00:00Z,11212.511592592593
2020-08-03T13:00:00Z,11251.081444444446
2020-08-03T14:00:00Z,11291.152370370372
2020-08-03T15:00:00Z,11346.726814814816
2020-08-03T16:00:00Z,11385.118074074075
2020-08-03T17:00:00Z,11422.706740740745
2020-08-03T18:00:00Z,11446.968481481483
2020-08-03T19:00:00Z,11455.644629629629
2020-08-03T20:00:00Z,11443.970666666666
2020-08-03T21:00:00Z,11367.195666666667
2020-08-03T22:00:00Z,11276.984814814816
2020-08-03T23:00:00Z,11207.71677777778
2020-08-04T00:00:00Z,11218.725555555555
2020-08-04T01:00:00Z,11267.501814814814
2020-08-04T02:00:00Z,11302.856666666665
2020-08-04T03:00:00Z,11304.968925925925
2020-08-04T04:00:00Z,11301.17237037037
2020-08-04T05:00:00Z,11293.327037037037
2020-08-04T06:00:00Z,11278.676888888891
2020-08-04T07:00:00Z,11274.749925925926
2020-08-04T08:00:00Z,11263.286851851852
2020-08-04T09:00:00Z,11255.776851851851
2020-08-04T10:00:00Z,11240.619555555555
2020-08-04T11:00:00Z,11193.865851851855
2020-08-04T12:00:00Z,11151.608592592593
2020-08-04T13:00:00Z,11118.406111111113
2020-08-04T14:00:00Z,11128.739851851851
2020-08-04T15:00:00Z,11163.197333333332
2020-08-04T16:00:00Z,11186.280444444443
2020-08-04T17:00:00Z,11218.13011111111
2020-08-04T18:00:00Z,11235.19785185185
2020-08-04T19:00:00Z,11246.465185185187
2020-08-04T20:00:00Z,11243.864703703706
2020-08-04T21:00:00Z,11239.068518518521
2020-08-04T22:00:00Z,11236.916777777782
2020-08-04T23:00:00Z,11225.667925925925
2020-08-05T00:00:00Z,11205.39325925926
2020-08-05T01:00:00Z,11186.892259259257
2020-08-05T02:00:00Z,11179.174111111111
2020-08-05T03:00:00Z,11195.714222222223
2020-08-05T04:00:00Z,11224.658296296295
2020-08-05T05:00:00Z,11264.223962962962
2020-08-05T06:00:00Z,11292.037703703703
2020-08-05T07:00:00Z,11303.817074074075
2020-08-05T08:00:00Z,11308.280444444446
2020-08-05T09:00:00Z,11338.39251851852
2020-08-05T10:00:00Z,11379.890296296298
2020-08-05T11:00:00Z,11428.908148148146
2020-08-05T12:00:00Z,11503.49511111111
2020-08-05T13:00:00Z,11588.46914814815
2020-08-05T14:00:00Z,11659.047555555559
2020-08-05T15:00:00Z,11710.08674074074
2020-08-05T16:00:00Z,11722.528407407406
2020-08-05T17:00:00Z,11722.134333333335
2020-08-05T18:00:00Z,11712.773777777778
2020-08-05T19:00:00Z,11698.886370370368
2020-08-05T20:00:00Z,11694.338407407407
2020-08-05T21:00:00Z,11721.367888888892
2020-08-05T22:00:00Z,11716.588925925927
2020-08-05T23:00:00Z,11726.406629629628
2020-08-06T00:00:00Z,11732.875185185185
2020-08-06T01:00:00Z,11724.86622222222
2020-08-06T02:00:00Z,11715.219962962963
2020-08-06T03:00:00Z,11690.678888888886
2020-08-06T04:00:00Z,11656.102851851852
2020-08-06T05:00:00Z,11631.104851851851
2020-08-06T06:00:00Z,11632.492814814816
2020-08-06T07:00:00Z,11638.76414814815
2020-08-06T08:00:00Z,11666.645962962966
2020-08-06T09:00:00Z,11705.507888888891
2020-08-06T10:00:00Z,11722.578481481483
2020-08-06T11:00:00Z,11726.079629629632
2020-08-06T12:00:00Z,11739.195296296297
2020-08-06T13:00:00Z,11790.994111111111
2020-08-06T14:00:00Z,11835.382444444445
2020-08-06T15:00:00Z,11870.777111111109
2020-08-06T16:00:00Z,11880.29862962963
2020-08-06T17:00:00Z,11883.944777777775
2020-08-06T18:00:00Z,11882.370555555555
2020-08-06T19:00:00Z,11883.54733333333
2020-08-06T20:00:00Z,11878.862444444443
2020-08-06T21:00:00Z,11839.801777777779
2020-08-06T22:00:00Z,11802.371444444449
2020-08-06T23:00:00Z,11769.717740740742
2020-08-07T00:00:00Z,11761.25751851852
2020-08-07T01:00:00Z,11780.546444444446
2020-08-07T02:00:00Z,11817.463518518518
2020-08-07T03:00:00Z,11844.205666666667
2020-08-07T04:00:00Z,11851.505925925923
2020-08-07T05:00:00Z,11835.181518518517
2020-08-07T06:00:00Z,11818.851888888888
2020-08-07T07:00:00Z,11802.87885185185
2020-08-07T08:00:00Z,11804.861444444445
2020-08-07T09:00:00Z,11812.28825925926
2020-08-07T10:00:00Z,11812.95814814815
2020-08-07T11:00:00Z,11797.475185185185
2020-08-07T12:00:00Z,11774.001666666669
2020-08-07T13:00:00Z,11750.551444444447
2020-08-07T14:00:00Z,11704.235444444445
2020-08-07T15:00:00Z,11658.42062962963
2020-08-07T16:00:00Z,11610.693592592594
2020-08-07T17:00:00Z,11564.091
2020-08-07T18:00:00Z,11514.977962962963
2020-08-07T19:00:00Z,11480.937259259257
2020-08-07T20:00:00Z,11486.593222222224
2020-08-07T21:00:00Z,11528.100148148149
2020-08-07T22:00:00Z,11574.325666666666
2020-08-07T23:00:00Z,11607.62925925926
2020-08-08T00:00:00Z,11623.34651851852
2020-08-08T01:00:00Z,11635.89440740741
2020-08-08T02:00:00Z,11641.521851851852
2020-08-08T03:00:00Z,11620.394148148145
2020-08-08T04:00:00Z,11585.159777777779
2020-08-08T05:00:00Z,11574.01888888889
2020-08-08T06:00:00Z,11583.819851851853
2020-08-08T07:00:00Z,11604.996592592594
2020-08-08T08:00:00Z,11613.409259259262
2020-08-08T09:00:00Z,11658.071814814815
2020-08-08T10:00:00Z,11713.84811111111
2020-08-08T11:00:00Z,11774.384777777776
2020-08-08T12:00:00Z,11814.055222222223
2020-08-08T13:00:00Z,11819.510888888888
2020-08-08T14:00:00Z,11802.711851851853
2020-08-08T15:00:00Z,11778.435037037038
2020-08-08T16:00:00Z,11744.065407407406
2020-08-08T17:00:00Z,11717.929333333333
2020-08-08T18:00:00Z,11692.948185185183
2020-08-08T19:00:00Z,11687.140148148144
2020-08-08T20:00:00Z,11694.407740740739
2020-08-08T21:00:00Z,11722.435185185184
2020-08-08T22:00:00Z,11747.882148148148
2020-08-08T23:00:00Z,11769.987222222224
2020-08-09T00:00:00Z,11781.258703703706
2020-08-09T01:00:00Z,11765.694814814815
2020-08-09T02:00:00Z,11744.654333333334
2020-08-09T03:00:00Z,11731.198296296296
2020-08-09T04:00:00Z,11716.685481481478
2020-08-09T05:00:00Z,11689.945629629627
2020-08-09T06:00:00Z,11665.60525925926
2020-08-09T07:00:00Z,11660.304703703709
2020-08-09T08:00:00Z,11668.174000000005
2020-08-09T09:00:00Z,11671.087444444447
2020-08-09T10:00:00Z,11671.809407407409
2020-08-09T11:00:00Z,11675.799666666668
2020-08-09T12:00:00Z,11673.48525925926
2020-08-09T13:00:00Z,11657.756000000001
2020-08-09T14:00:00Z,11622.965481481484
2020-08-09T15:00:00Z,11585.910777777777
2020-08-09T16:00:00Z,11566.243962962964
2020-08-09T17:00:00Z,11547.300259259262
2020-08-09T18:00:00Z,11564.840296296295
2020-08-09T19:00:00Z,11595.44703703704
2020-08-09T20:00:00Z,11640.928962962964
2020-08-09T21:00:00Z,11670.195962962962
2020-08-09T22:00:00Z,11691.936259259259
2020-08-09T23:00:00Z,11702.623851851851
2020-08-10T00:00:00Z,11723.881296296297
2020-08-10T01:00:00Z,11781.564555555558
2020-08-10T02:00:00Z,11889.908592592592
2020-08-10T03:00:00Z,12006.358074074073
2020-08-10T04:00:00Z,12077.720074074072
2020-08-10T05:00:00Z,12089.46033333333
2020-08-10T06:00:00Z,12068.970222222224
2020-08-10T07:00:00Z,12036.432999999999
2020-08-10T08:00:00Z,12010.719185185188
2020-08-10T09:00:00Z,11992.30751851852
2020-08-10T10:00:00Z,11895.14918518519
2020-08-10T11:00:00Z,11787.89714814815
2020-08-10T12:00:00Z,11745.92637037037
2020-08-10T13:00:00Z,11788.044555555556
2020-08-10T14:00:00Z,11861.438222222221
2020-08-10T15:00:00Z,11924.739296296297
2020-08-10T16:00:00Z,11941.80525925926
2020-08-10T17:00:00Z,11932.463037037038
2020-08-10T18:00:00Z,11912.977259259258
2020-08-10T19:00:00Z,11890.217296296294
2020-08-10T20:00:00Z,11870.832444444444
2020-08-10T21:00:00Z,11854.150222222224
2020-08-10T22:00:00Z,11836.676925925925
2020-08-10T23:00:00Z,11844.381555555556
2020-08-11T00:00:00Z,11861.503851851854
2020-08-11T01:00:00Z,11894.741333333333
2020-08-11T02:00:00Z,11904.938481481484
2020-08-11T03:00:00Z,11887.766740740743
2020-08-11T04:00:00Z,11856.888592592593
2020-08-11T05:00:00Z,11837.979444444447
2020-08-11T06:00:00Z,11805.347296296297
2020-08-11T07:00:00Z,11771.291629629632
2020-08-11T08:00:00Z,11732.044925925928
2020-08-11T09:00:00Z,11698.250333333335
2020-08-11T10:00:00Z,11690.826370370369
2020-08-11T11:00:00Z,11703.275222222219
2020-08-11T12:00:00Z,11701.431888888887
2020-08-11T13:00:00Z,11682.77185185185
2020-08-11T14:00:00Z,11633.421925925926
2020-08-11T15:00:00Z,11556.475296296296
2020-08-11T16:00:00Z,11470.429740740741
2020-08-11T17:00:00Z,11423.189925925928
2020-08-11T18:00:00Z,11404.241851851853
2020-08-11T19:00:00Z,11389.82292592593
2020-08-11T20:00:00Z,11322.733925925926
2020-08-11T21:00:00Z,11262.963666666668
2020-08-11T22:00:00Z,11246.415148148148
2020-08-11T23:00:00Z,11283.148444444443
2020-08-12T00:00:00Z,11323.567074074075
2020-08-12T01:00:00Z,11347.813555555556
2020-08-12T02:00:00Z,11324.569518518518
2020-08-12T03:00:00Z,11322.903259259258
2020-08-12T04:00:00Z,11318.35614814815
2020-08-12T05:00:00Z,11302.291703703702
2020-08-12T06:00:00Z,11299.456222222221
2020-08-12T07:00:00Z,11340.430592592593
2020-08-12T08:00:00Z,11399.631629629628
2020-08-12T09:00:00Z,11462.296555555555
2020-08-12T10:00:00Z,11514.970111111112
2020-08-12T11:00:00Z,11530.081
2020-08-12T12:00:00Z,11536.32911111111
2020-08-12T13:00:00Z,11551.10688888889
2020-08-12T14:00:00Z,11578.840666666665
2020-08-12T15:00:00Z,11602.591333333332
2020-08-12T16:00:00Z,11603.773925925925
2020-08-12T17:00:00Z,11584.933925925923
2020-08-12T18:00:00Z,11556.109555555553
2020-08-12T19:00:00Z,11547.975037037037
2020-08-12T20:00:00Z,11552.693111111112
2020-08-12T21:00:00Z,11543.670000000004
2020-08-12T22:00:00Z,11538.960925925925
2020-08-12T23:00:00Z,11541.836555555556
2020-08-13T00:00:00Z,11573.917666666666
2020-08-13T01:00:00Z,11606.963888888893
2020-08-13T02:00:00Z,11616.26992592593
2020-08-13T03:00:00Z,11606.25240740741
2020-08-13T04:00:00Z,11582.40003703704
2020-08-13T05:00:00Z,11556.134
2020-08-13T06:00:00Z,11542.40774074074
2020-08-13T07:00:00Z,11530.320444444444
2020-08-13T08:00:00Z,11491.532296296296
2020-08-13T09:00:00Z,11439.042481481481
2020-08-13T10:00:00Z,11416.093111111113
2020-08-13T11:00:00Z,11445.980777777777
2020-08-13T12:00:00Z,11477.320444444442
2020-08-13T13:00:00Z,11505.626148148149
2020-08-13T14:00:00Z,11523.115814814815
2020-08-13T15:00:00Z,11525.628740740738
2020-08-13T16:00:00Z,11530.71662962963
2020-08-13T17:00:00Z,11533.030592592593
2020-08-13T18:00:00Z,11524.42925925926
2020-08-13T19:00:00Z,11517.71077777778
2020-08-13T20:00:00Z,11544.252518518517
2020-08-13T21:00:00Z,11610.495296296298
2020-08-13T22:00:00Z,11694.705407407406
2020-08-13T23:00:00Z,11777.567851851854
2020-08-14T00:00:00Z,11824.568296296296
2020-08-14T01:00:00Z,11848.103481481483
2020-08-14T02:00:00Z,11833.00962962963
2020-08-14T03:00:00Z,11799.96688888889
2020-08-14T04:00:00Z,11764.951296296296
2020-08-14T05:00:00Z,11740.766074074076
2020-08-14T06:00:00Z,11718.020111111111
2020-08-14T07:00:00Z,11706.026592592594
2020-08-14T08:00:00Z,11696.224703703707
2020-08-14T09:00:00Z,11694.849518518518
2020-08-14T10:00:00Z,11708.491481481484
2020-08-14T11:00:00Z,11736.238000000003
2020-08-14T12:00:00Z,11757.884259259261
2020-08-14T13:00:00Z,11759.796777777776
2020-08-14T14:00:00Z,11745.051037037038
2020-08-14T15:00:00Z,11735.896407407408
2020-08-14T16:00:00Z,11760.326222222224
2020-08-14T17:00:00Z,11792.002555555557
2020-08-14T18:00:00Z,11826.640074074074
2020-08-14T19:00:00Z,11842.059999999998
2020-08-14T20:00:00Z,11829.613037037037
2020-08-14T21:00:00Z,11805.743111111113
2020-08-14T22:00:00Z,11787.242814814816
2020-08-14T23:00:00Z,11776.755925925927
2020-08-15T00:00:00Z,11819.129851851852
2020-08-15T01:00:00Z,11883.19777777778
2020-08-15T02:00:00Z,11931.471
2020-08-15T03:00:00Z,11948.849111111113
2020-08-15T04:00:00Z,11931.568740740744
2020-08-15T05:00:00Z,11911.03751851852
2020-08-15T06:00:00Z,11896.991185185188
2020-08-15T07:00:00Z,11894.68188888889
2020-08-15T08:00:00Z,11890.632074074072
2020-08-15T09:00:00Z,11891.987259259258
2020-08-15T10:00:00Z,11885.849518518517
2020-08-15T11:00:00Z,11871.866888888888
2020-08-15T12:00:00Z,11826.775814814813
2020-08-15T13:00:00Z,11789.617185185189
2020-08-15T14:00:00Z,11774.018777777781
2020-08-15T15:00:00Z,11793.812814814815
2020-08-15T16:00:00Z,11828.72188888889
2020-08-15T17:00:00Z,11858.828777777779
2020-08-15T18:00:00Z,11881.68259259259
2020-08-15T19:00:00Z,11881.199074074075
2020-08-15T20:00:00Z,11877.050296296298
2020-08-15T21:00:00Z,11881.71911111111
2020-08-15T22:00:00Z,11881.910629629629
2020-08-15T23:00:00Z,11877.314740740738
2020-08-16T00:00:00Z,11854.814555555553
2020-08-16T01:00:00Z,11852.889592592595
2020-08-16T02:00:00Z,11860.75911111111
2020-08-16T03:00:00Z,11890.770962962966
2020-08-16T04:00:00Z,11912.623185185186
2020-08-16T05:00:00Z,11921.222000000002
2020-08-16T06:00:00Z,11916.050888888893
2020-08-16T07:00:00Z,11895.916185185188
2020-08-16T08:00:00Z,11870.32151851852
2020-08-16T09:00:00Z,11855.951444444443
2020-08-16T10:00:00Z,11829.66485185185
2020-08-16T11:00:00Z,11791.307111111111
2020-08-16T12:00:00Z,11761.611592592593
2020-08-16T13:00:00Z,11759.141555555556
2020-08-16T14:00:00Z,11776.487888888887
2020-08-16T15:00:00Z,11814.523555555556
2020-08-16T16:00:00Z,11851.223592592594
2020-08-16T17:00:00Z,11867.359259259261
2020-08-16T18:00:00Z,11865.934333333333
2020-08-16T19:00:00Z,11850.173222222225
2020-08-16T20:00:00Z,11841.156481481483
2020-08-16T21:00:00Z,11844.207629629629
2020-08-16T22:00:00Z,11868.578592592594
2020-08-16T23:00:00Z,11900.23325925926
2020-08-17T00:00:00Z,11905.466851851854
2020-08-17T01:00:00Z,11889.525629629634
2020-08-17T02:00:00Z,11868.861703703704
2020-08-17T03:00:00Z,11851.447962962962
2020-08-17T04:00:00Z,11832.752148148147
2020-08-17T05:00:00Z,11811.81774074074
2020-08-17T06:00:00Z,11795.324777777778
2020-08-17T07:00:00Z,11791.215666666669
2020-08-17T08:00:00Z,11814.939222222225
2020-08-17T09:00:00Z,11842.992629629633
2020-08-17T10:00:00Z,11866.726555555555
2020-08-17T11:00:00Z,11892.771407407408
2020-08-17T12:00:00Z,11906.218259259258
2020-08-17T13:00:00Z,11981.072444444444
2020-08-17T14:00:00Z,12089.388962962963
2020-08-17T15:00:00Z,12264.636296296298
2020-08-17T16:00:00Z,12415.243666666669
2020-08-17T17:00:00Z,12497.938333333334
2020-08-17T18:00:00Z,12493.848703703703
2020-08-17T19:00:00Z,12443.567000000001
2020-08-17T20:00:00Z,12386.052407407407
2020-08-17T21:00:00Z,12346.874777777775
2020-08-17T22:00:00Z,12345.987518518517
2020-08-17T23:00:00Z,12338.765333333335
2020-08-18T00:00:00Z,12339.616999999998
2020-08-18T01:00:00Z,12338.07011111111
2020-08-18T02:00:00Z,12344.899074074076
2020-08-18T03:00:00Z,12341.143444444446
2020-08-18T04:00:00Z,12311.435074074076
2020-08-18T05:00:00Z,12267.311
2020-08-18T06:00:00Z,12236.681740740738
2020-08-18T07:00:00Z,12229.194592592592
2020-08-18T08:00:00Z,12233.829481481482
2020-08-18T09:00:00Z,12232.576925925925
2020-08-18T10:00:00Z,12241.852259259258
2020-08-18T11:00:00Z,12226.893296296295
2020-08-18T12:00:00Z,12225.542037037036
2020-08-18T13:00:00Z,12207.36696296296
2020-08-18T14:00:00Z,12117.040481481483
2020-08-18T15:00:00Z,12003.11837037037
2020-08-18T16:00:00Z,11922.068777777778
2020-08-18T17:00:00Z,11898.428037037038
2020-08-18T18:00:00Z,11917.154222222225
2020-08-18T19:00:00Z,11947.722481481484
2020-08-18T20:00:00Z,11981.979518518521
2020-08-18T21:00:00Z,12025.171851851854
2020-08-18T22:00:00Z,12058.25348148148
2020-08-18T23:00:00Z,12043.937666666667
2020-08-19T00:00:00Z,12014.588333333333
2020-08-19T01:00:00Z,11981.914296296294
2020-08-19T02:00:00Z,11947.910407407408
2020-08-19T03:00:00Z,11898.00011111111
2020-08-19T04:00:00Z,11824.400888888887
2020-08-19T05:00:00Z,11744.31885185185
2020-08-19T06:00:00Z,11689.912888888886
2020-08-19T07:00:00Z,11698.145444444444
2020-08-19T08:00:00Z,11733.378814814816
2020-08-19T09:00:00Z,11772.239666666666
2020-08-19T10:00:00Z,11799.089777777777
2020-08-19T11:00:00Z,11823.591518518517
2020-08-19T12:00:00Z,11849.78637037037
2020-08-19T13:00:00Z,11873.858481481482
2020-08-19T14:00:00Z,11853.870814814813
2020-08-19T15:00:00Z,11802.987407407409
2020-08-19T16:00:00Z,11754.495074074075
2020-08-19T17:00:00Z,11735.859999999999
2020-08-19T18:00:00Z,11730.471222222222
2020-08-19T19:00:00Z,11705.141555555556
2020-08-19T20:00:00Z,11687.662000000002
2020-08-19T21:00:00Z,11680.81411111111
2020-08-19T22:00:00Z,11699.218851851852
2020-08-19T23:00:00Z,11729.3222962963
2020-08-20T00:00:00Z,11765.020888888888
2020-08-20T01:00:00Z,11782.573185185189
2020-08-20T02:00:00Z,11779.545296296297
2020-08-20T03:00:00Z,11753.419703703703
2020-08-20T04:00:00Z,11725.957185185185
2020-08-20T05:00:00Z,11703.997888888887
2020-08-20T06:00:00Z,11712.447555555556
2020-08-20T07:00:00Z,11717.124518518518
2020-08-20T08:00:00Z,11733.936481481482
2020-08-20T09:00:00Z,11756.791259259257
2020-08-20T10:00:00Z,11776.936370370366
2020-08-20T11:00:00Z,11802.61088888889
2020-08-20T12:00:00Z,11811.371555555554
2020-08-20T13:00:00Z,11820.55548148148
2020-08-20T14:00:00Z,11835.19537037037
2020-08-20T15:00:00Z,11856.270592592593
2020-08-20T16:00:00Z,11871.675814814815
2020-08-20T17:00:00Z,11868.522777777776
2020-08-20T18:00:00Z,11866.71862962963
2020-08-20T19:00:00Z,11863.273037037035
2020-08-20T20:00:00Z,11863.470222222224
2020-08-20T21:00:00Z,11857.777148148147
2020-08-20T22:00:00Z,11846.351888888888
2020-08-20T23:00:00Z,11844.656777777776
2020-08-21T00:00:00Z,11842.771074074075
2020-08-21T01:00:00Z,11834.16296296296
2020-08-21T02:00:00Z,11818.48448148148
2020-08-21T03:00:00Z,11821.964666666667
2020-08-21T04:00:00Z,11840.626814814817
2020-08-21T05:00:00Z,11857.906222222227
2020-08-21T06:00:00Z,11858.922444444446
2020-08-21T07:00:00Z,11849.62977777778
2020-08-21T08:00:00Z,11836.935592592594
2020-08-21T09:00:00Z,11813.464481481482
2020-08-21T10:00:00Z,11784.481777777779
2020-08-21T11:00:00Z,11745.61459259259
2020-08-21T12:00:00Z,11727.410740740741
2020-08-21T13:00:00Z,11707.004481481483
2020-08-21T14:00:00Z,11705.097851851855
2020-08-21T15:00:00Z,11708.437259259263
2020-08-21T16:00:00Z,11697.525888888891
2020-08-21T17:00:00Z,11688.917592592596
2020-08-21T18:00:00Z,11675.920666666665
2020-08-21T19:00:00Z,11667.588888888888
2020-08-21T20:00:00Z,11646.391925925927
2020-08-21T21:00:00Z,11598.236925925929
2020-08-21T22:00:00Z,11550.898703703706
2020-08-21T23:00:00Z,11513.698111111114
2020-08-22T00:00:00Z,11462.221703703704
2020-08-22T01:00:00Z,11424.680148148147
2020-08-22T02:00:00Z,11406.326592592593
2020-08-22T03:00:00Z,11415.771888888887
2020-08-22T04:00:00Z,11423.483296296296
2020-08-22T05:00:00Z,11437.752333333332
2020-08-22T06:00:00Z,11479.338222222223
2020-08-22T07:00:00Z,11535.818814814813
2020-08-22T08:00:00Z,11585.105777777775
2020-08-22T09:00:00Z,11613.03374074074
2020-08-22T10:00:00Z,11614.206296296295
2020-08-22T11:00:00Z,11600.357222222223
2020-08-22T12:00:00Z,11591.416777777778
2020-08-22T13:00:00Z,11591.659962962964
2020-08-22T14:00:00Z,11605.024925925929
2020-08-22T15:00:00Z,11610.022481481481
2020-08-22T16:00:00Z,11605.920333333333
2020-08-22T17:00:00Z,11602.008074074072
2020-08-22T18:00:00Z,11602.136666666667
2020-08-22T19:00:00Z,11602.211777777777
2020-08-22T20:00:00Z,11604.623592592592
2020-08-22T21:00:00Z,11627.37285185185
2020-08-22T22:00:00Z,11656.39822222222
2020-08-22T23:00:00Z,11681.158185185186
2020-08-23T00:00:00Z,11685.852740740744
2020-08-23T01:00:00Z,11676.32762962963
2020-08-23T02:00:00Z,11652.246481481481
2020-08-23T03:00:00Z,11625.733296296297
2020-08-23T04:00:00Z,11605.883666666667
2020-08-23T05:00:00Z,11587.593333333336
2020-08-23T06:00:00Z,11585.25688888889
2020-08-23T07:00:00Z,11594.096296296297
2020-08-23T08:00:00Z,11594.14014814815
2020-08-23T09:00:00Z,11591.569444444447
2020-08-23T10:00:00Z,11569.864000000001
2020-08-23T11:00:00Z,11544.03914814815
2020-08-23T12:00:00Z,11532.728629629632
2020-08-23T13:00:00Z,11545.999185185186
2020-08-23T14:00:00Z,11580.420777777777
2020-08-23T15:00:00Z,11622.852037037033
2020-08-23T16:00:00Z,11652.812111111109
2020-08-23T17:00:00Z,11663.785592592592
2020-08-23T18:00:00Z,11669.504074074075
2020-08-23T19:00:00Z,11679.568925925929
2020-08-23T20:00:00Z,11685.424777777778
2020-08-23T21:00:00Z,11688.010740740741
2020-08-23T22:00:00Z,11678.690666666667
2020-08-23T23:00:00Z,11664.723592592592
2020-08-24T00:00:00Z,11647.907111111112
2020-08-24T01:00:00Z,11636.029333333334
2020-08-24T02:00:00Z,11635.006407407409
2020-08-24T03:00:00Z,11650.166370370373
2020-08-24T04:00:00Z,11669.485185185185
2020-08-24T05:00:00Z,11678.323814814816
2020-08-24T06:00:00Z,11704.898444444445
2020-08-24T07:00:00Z,11737.507777777777
2020-08-24T08:00:00Z,11774.664888888889
2020-08-24T09:00:00Z,11800.873037037038
2020-08-24T10:00:00Z,11809.867629629627
2020-08-24T11:00:00Z,11809.312851851852
2020-08-24T12:00:00Z,11801.543814814811
2020-08-24T13:00:00Z,11787.690148148147
2020-08-24T14:00:00Z,11763.49925925926
2020-08-24T15:00:00Z,11750.917185185186
2020-08-24T16:00:00Z,11747.906555555557
2020-08-24T17:00:00Z,11750.192037037037
2020-08-24T18:00:00Z,11748.448740740738
2020-08-24T19:00:00Z,11744.81196296296
2020-08-24T20:00:00Z,11736.734814814814
2020-08-24T21:00:00Z,11738.679740740738
2020-08-24T22:00:00Z,11745.14859259259
2020-08-24T23:00:00Z,11752.115703703705
2020-08-25T00:00:00Z,11753.099111111113
2020-08-25T01:00:00Z,11755.581925925924
2020-08-25T02:00:00Z,11735.271814814812
2020-08-25T03:00:00Z,11703.250185185185
2020-08-25T04:00:00Z,11674.993444444443
2020-08-25T05:00:00Z,11655.944148148146
2020-08-25T06:00:00Z,11632.057999999999
2020-08-25T07:00:00Z,11602.039481481479
2020-08-25T08:00:00Z,11573.91262962963
2020-08-25T09:00:00Z,11559.937777777779
2020-08-25T10:00:00Z,11574.493333333332
2020-08-25T11:00:00Z,11596.00048148148
2020-08-25T12:00:00Z,11577.127777777778
2020-08-25T13:00:00Z,11520.086555555556
2020-08-25T14:00:00Z,11441.374407407407
2020-08-25T15:00:00Z,11387.61077777778
2020-08-25T16:00:00Z,11341.502
2020-08-25T17:00:00Z,11280.932999999999
2020-08-25T18:00:00Z,11244.961814814815
2020-08-25T19:00:00Z,11234.542851851851
2020-08-25T20:00:00Z,11238.663962962963
2020-08-25T21:00:00Z,11258.06725925926
2020-08-25T22:00:00Z,11294.259703703705
2020-08-25T23:00:00Z,11323.395518518519
2020-08-26T00:00:00Z,11328.138296296296
2020-08-26T01:00:00Z,11330.046444444444
2020-08-26T02:00:00Z,11348.564
2020-08-26T03:00:00Z,11370.42374074074
2020-08-26T04:00:00Z,11381.843666666668
2020-08-26T05:00:00Z,11380.814333333336
2020-08-26T06:00:00Z,11363.31374074074
2020-08-26T07:00:00Z,11349.23822222222
2020-08-26T08:00:00Z,11346.458814814812
2020-08-26T09:00:00Z,11355.147074074075
2020-08-26T10:00:00Z,11374.484037037037
2020-08-26T11:00:00Z,11388.190555555557
2020-08-26T12:00:00Z,11373.60237037037
2020-08-26T13:00:00Z,11372.546222222221
2020-08-26T14:00:00Z,11393.79085185185
2020-08-26T15:00:00Z,11440.285074074074
2020-08-26T16:00:00Z,11481.352592592595
2020-08-26T17:00:00Z,11497.82640740741
2020-08-26T18:00:00Z,11490.786222222223
2020-08-26T19:00:00Z,11479.135888888888
2020-08-26T20:00:00Z,11485.507185185184
2020-08-26T21:00:00Z,11490.424925925929
2020-08-26T22:00:00Z,11484.913814814814
2020-08-26T23:00:00Z,11473.449222222223
2020-08-27T00:00:00Z,11460.843296296298
2020-08-27T01:00:00Z,11437.786296296297
2020-08-27T02:00:00Z,11405.860185185185
2020-08-27T03:00:00Z,11378.882074074072
2020-08-27T04:00:00Z,11359.703111111112
2020-08-27T05:00:00Z,11346.06122222222
2020-08-27T06:00:00Z,11350.035851851853
2020-08-27T07:00:00Z,11367.76140740741
2020-08-27T08:00:00Z,11380.284555555554
2020-08-27T09:00:00Z,11398.712185185183
2020-08-27T10:00:00Z,11399.18748148148
2020-08-27T11:00:00Z,11373.000518518516
2020-08-27T12:00:00Z,11350.377629629633
2020-08-27T13:00:00Z,11352.182851851852
2020-08-27T14:00:00Z,11347.166296296296
2020-08-27T15:00:00Z,11339.992111111113
2020-08-27T16:00:00Z,11311.657518518521
2020-08-27T17:00:00Z,11256.27411111111
2020-08-27T18:00:00Z,11224.90255555555
2020-08-27T19:00:00Z,11213.809666666662
2020-08-27T20:00:00Z,11225.655592592588
2020-08-27T21:00:00Z,11251.800777777775
2020-08-27T22:00:00Z,11270.45759259259
2020-08-27T23:00:00Z,11297.094222222222
2020-08-28T00:00:00Z,11327.952666666664
2020-08-28T01:00:00Z,11364.04537037037
2020-08-28T02:00:00Z,11389.917962962963
2020-08-28T03:00:00Z,11402.438333333332
2020-08-28T04:00:00Z,11407.42651851852
2020-08-28T05:00:00Z,11410.763777777776
2020-08-28T06:00:00Z,11425.084888888887
2020-08-28T07:00:00Z,11424.645703703703
2020-08-28T08:00:00Z,11418.714962962964
2020-08-28T09:00:00Z,11424.284814814817
2020-08-28T10:00:00Z,11435.595222222226
2020-08-28T11:00:00Z,11459.708444444446
2020-08-28T12:00:00Z,11471.780296296298
2020-08-28T13:00:00Z,11477.256111111114
2020-08-28T14:00:00Z,11472.74259259259
2020-08-28T15:00:00Z,11491.21611111111
2020-08-28T16:00:00Z,11513.16462962963
2020-08-28T17:00:00Z,11519.815037037035
2020-08-28T18:00:00Z,11513.481703703701
2020-08-28T19:00:00Z,11505.155222222218
2020-08-28T20:00:00Z,11501.122814814813
2020-08-28T21:00:00Z,11500.55351851852
2020-08-28T22:00:00Z,11494.618703703702
2020-08-28T23:00:00Z,11502.259666666665
2020-08-29T00:00:00Z,11506.301407407407
2020-08-29T01:00:00Z,11505.593296296298
2020-08-29T02:00:00Z,11497.600851851856
2020-08-29T03:00:00Z,11493.290407407409
2020-08-29T04:00:00Z,11495.435407407407
2020-08-29T05:00:00Z,11503.678925925924
2020-08-29T06:00:00Z,11516.105777777777
2020-08-29T07:00:00Z,11539.036037037038
2020-08-29T08:00:00Z,11553.386259259258
2020-08-29T09:00:00Z,11560.422111111106
2020-08-29T10:00:00Z,11533.746592592594
2020-08-29T11:00:00Z,11490.845851851851
2020-08-29T12:00:00Z,11456.82251851852
2020-08-29T13:00:00Z,11433.470629629634
2020-08-29T14:00:00Z,11441.004814814818
2020-08-29T15:00:00Z,11464.687666666667
2020-08-29T16:00:00Z,11493.38496296296
2020-08-29T17:00:00Z,11514.134777777776
2020-08-29T18:00:00Z,11529.881703703702
2020-08-29T19:00:00Z,11538.226296296294
2020-08-29T20:00:00Z,11536.362666666668
2020-08-29T21:00:00Z,11529.439740740743
2020-08-29T22:00:00Z,11511.857740740737
2020-08-29T23:00:00Z,11490.726518518519
2020-08-30T00:00:00Z,11484.572740740741
2020-08-30T01:00:00Z,11523.37903703704
2020-08-30T02:00:00Z,11581.718185185186
2020-08-30T03:00:00Z,11629.834740740742
2020-08-30T04:00:00Z,11642.382037037036
2020-08-30T05:00:00Z,11630.348148148149
2020-08-30T06:00:00Z,11610.863740740739
2020-08-30T07:00:00Z,11597.799481481483
2020-08-30T08:00:00Z,11583.637518518519
2020-08-30T09:00:00Z,11576.798481481483
2020-08-30T10:00:00Z,11569.179666666669
2020-08-30T11:00:00Z,11575.354074074077
2020-08-30T12:00:00Z,11587.07077777778
2020-08-30T13:00:00Z,11607.43862962963
2020-08-30T14:00:00Z,11623.592481481484
2020-08-30T15:00:00Z,11630.810740740739
2020-08-30T16:00:00Z,11644.25451851852
2020-08-30T17:00:00Z,11652.649925925927
2020-08-30T18:00:00Z,11659.832481481484
2020-08-30T19:00:00Z,11658.143333333333
2020-08-30T20:00:00Z,11651.329851851851
2020-08-30T21:00:00Z,11633.911777777777
2020-08-30T22:00:00Z,11631.503296296294
2020-08-30T23:00:00Z,11656.688592592589
2020-08-31T00:00:00Z,11689.065370370367
2020-08-31T01:00:00Z,11710.891925925922
2020-08-31T02:00:00Z,11711.757259259257
2020-08-31T03:00:00Z,11701.005703703704
2020-08-31T04:00:00Z,11683.904111111115
2020-08-31T05:00:00Z,11671.773407407409
2020-08-31T06:00:00Z,11667.634037037036
2020-08-31T07:00:00Z,11653.909296296297
2020-08-31T08:00:00Z,11624.184925925927
2020-08-31T09:00:00Z,11597.603555555555
2020-08-31T10:00:00Z,11586.253333333334
2020-08-31T11:00:00Z,11610.386814814816
2020-08-31T12:00:00Z,11659.230962962965
2020-08-31T13:00:00Z,11705.848925925928
2020-08-31T14:00:00Z,11743.001851851854
2020-08-31T15:00:00Z,11764.592592592593
2020-08-31T16:00:00Z,11764.443851851851
2020-08-31T17:00:00Z,11749.428962962964
2020-08-31T18:00:00Z,11733.16385185185
2020-08-31T19:00:00Z,11724.867962962962
2020-08-31T20:00:00Z,11708.496666666668
2020-08-31T21:00:00Z,11677.632111111112
2020-08-31T22:00:00Z,11650.145185185187
2020-08-31T23:00:00Z,11634.478185185188
2020-09-01T00:00:00Z,11620.77962962963
2020-09-01T01:00:00Z,11614.343259259258
2020-09-01T02:00:00Z,11614.430555555555
2020-09-01T03:00:00Z,11638.574148148147
2020-09-01T04:00:00Z,11672.545296296297
2020-09-01T05:00:00Z,11730.916333333336
2020-09-01T06:00:00Z,11807.073407407408
2020-09-01T07:00:00Z,11890.99092592593
2020-09-01T08:00:00Z,11952.773111111112
2020-09-01T09:00:00Z,11988.484148148149
2020-09-01T10:00:00Z,11993.145851851848
2020-09-01T11:00:00Z,11964.909
2020-09-01T12:00:00Z,11935.253333333332
2020-09-01T13:00:00Z,11902.295481481482
2020-09-01T14:00:00Z,11889.842962962963
2020-09-01T15:00:00Z,11935.228296296298
2020-09-01T16:00:00Z,11991.563851851854
2020-09-01T17:00:00Z,12023.471333333335
2020-09-01T18:00:00Z,12031.549592592593
2020-09-01T19:00:00Z,12014.136592592593
2020-09-01T20:00:00Z,12007.771185185185
2020-09-01T21:00:00Z,12013.170888888888
2020-09-01T22:00:00Z,12009.720518518516
2020-09-01T23:00:00Z,11982.32237037037
2020-09-02T00:00:00Z,11937.984777777776
2020-09-02T01:00:00Z,11895.772333333336
2020-09-02T02:00:00Z,11861.413370370372
2020-09-02T03:00:00Z,11834.873888888891
2020-09-02T04:00:00Z,11828.952777777778
2020-09-02T05:00:00Z,11835.83737037037
2020-09-02T06:00:00Z,11827.767666666667
2020-09-02T07:00:00Z,11789.132666666666
2020-09-02T08:00:00Z,11738.484407407406
2020-09-02T09:00:00Z,11706.472111111112
2020-09-02T10:00:00Z,11650.48151851852
2020-09-02T11:00:00Z,11543.432148148151
2020-09-02T12:00:00Z,11436.134592592594
2020-09-02T13:00:00Z,11338.467962962963
2020-09-02T14:00:00Z,11254.679592592593
2020-09-02T15:00:00Z,11227.340777777777
2020-09-02T16:00:00Z,11230.552925925926
2020-09-02T17:00:00Z,11270.709925925927
2020-09-02T18:00:00Z,11331.205222222221
2020-09-02T19:00:00Z,11382.673555555557
2020-09-02T20:00:00Z,11405.94781481482
2020-09-02T21:00:00Z,11409.24948148148
2020-09-02T22:00:00Z,11417.732370370368
2020-09-02T23:00:00Z,11418.279592592591
2020-09-03T00:00:00Z,11422.22188888889
2020-09-03T01:00:00Z,11429.245851851852
2020-09-03T02:00:00Z,11435.814555555555
2020-09-03T03:00:00Z,11421.52459259259
2020-09-03T04:00:00Z,11373.041851851849
2020-09-03T05:00:00Z,11317.35029629629
2020-09-03T06:00:00Z,11274.551185185186
2020-09-03T07:00:00Z,11293.334074074077
2020-09-03T08:00:00Z,11340.514444444447
2020-09-03T09:00:00Z,11375.706555555558
2020-09-03T10:00:00Z,11360.989296296297
2020-09-03T11:00:00Z,11300.820851851851
2020-09-03T12:00:00Z,11114.116999999998
2020-09-03T13:00:00Z,10938.57925925926
2020-09-03T14:00:00Z,10802.514185185186
2020-09-03T15:00:00Z,10689.40003703704
2020-09-03T16:00:00Z,10587.637925925925
2020-09-03T17:00:00Z,10544.424037037037
2020-09-03T18:00:00Z,10544.604666666666
2020-09-03T19:00:00Z,10588.19711111111
2020-09-03T20:00:00Z,10666.67437037037
2020-09-03T21:00:00Z,10724.169703703703
2020-09-03T22:00:00Z,10737.459148148148
2020-09-03T23:00:00Z,10567.147333333334
2020-09-04T00:00:00Z,10373.480666666666
2020-09-04T01:00:00Z,10215.66525925926
2020-09-04T02:00:00Z,10150.623333333331
2020-09-04T03:00:00Z,10159.044
2020-09-04T04:00:00Z,10197.790777777776
2020-09-04T05:00:00Z,10241.92762962963
2020-09-04T06:00:00Z,10257.235814814814
2020-09-04T07:00:00Z,10273.99674074074
2020-09-04T08:00:00Z,10324.883407407408
2020-09-04T09:00:00Z,10420.656703703704
2020-09-04T10:00:00Z,10501.795
2020-09-04T11:00:00Z,10530.491740740741
2020-09-04T12:00:00Z,10524.014259259258
2020-09-04T13:00:00Z,10476.31003703704
2020-09-04T14:00:00Z,10427.913851851854
2020-09-04T15:00:00Z,10404.154296296298
2020-09-04T16:00:00Z,10408.095666666666
2020-09-04T17:00:00Z,10419.47985185185
2020-09-04T18:00:00Z,10457.391407407407
2020-09-04T19:00:00Z,10517.273740740739
2020-09-04T20:00:00Z,10581.92262962963
2020-09-04T21:00:00Z,10615.521703703702
2020-09-04T22:00:00Z,10597.564185185183
2020-09-05T00:00:00Z,10548.688333333332
2020-09-05T01:00:00Z,10503.08711111111
2020-09-05T02:00:00Z,10461.023481481481
2020-09-05T03:00:00Z,10423.680740740741
2020-09-05T04:00:00Z,10399.321259259259
2020-09-05T05:00:00Z,10386.586777777777
2020-09-05T06:00:00Z,10406.970555555556
2020-09-05T07:00:00Z,10417.692296296298
2020-09-05T08:00:00Z,10394.617962962964
2020-09-05T09:00:00Z,10342.942444444447
2020-09-05T10:00:00Z,10288.323407407408
2020-09-05T11:00:00Z,10238.261074074077
2020-09-05T12:00:00Z,10139.370888888889
2020-09-05T13:00:00Z,10126.341703703705
2020-09-05T14:00:00Z,10174.739777777779
2020-09-05T15:00:00Z,10244.002666666667
2020-09-05T16:00:00Z,10285.815629629633
2020-09-05T17:00:00Z,10250.827222222224
2020-09-05T18:00:00Z,10195.084296296296
2020-09-05T19:00:00Z,10087.071222222223
2020-09-05T20:00:00Z,10022.673740740742
2020-09-05T21:00:00Z,10003.400962962962
2020-09-05T22:00:00Z,9993.556518518517
2020-09-05T23:00:00Z,10040.321555555554
2020-09-06T00:00:00Z,10115.676592592592
2020-09-06T01:00:00Z,10165.654592592593
2020-09-06T02:00:00Z,10188.958555555555
2020-09-06T03:00:00Z,10188.471740740742
2020-09-06T04:00:00Z,10147.696296296297
2020-09-06T05:00:00Z,10117.885111111113
2020-09-06T06:00:00Z,10113.895111111111
2020-09-06T07:00:00Z,10152.709925925925
2020-09-06T08:00:00Z,10206.933259259256
2020-09-06T09:00:00Z,10242.47674074074
2020-09-06T10:00:00Z,10256.575037037037
2020-09-06T11:00:00Z,10265.262925925925
2020-09-06T12:00:00Z,10268.285851851851
2020-09-06T13:00:00Z,10260.094481481481
2020-09-06T14:00:00Z,10249.713148148147
2020-09-06T15:00:00Z,10222.496370370369
2020-09-06T16:00:00Z,10214.324518518517
2020-09-06T17:00:00Z,10209.418777777779
2020-09-06T18:00:00Z,10219.168000000003
2020-09-06T19:00:00Z,10238.075555555557
2020-09-06T20:00:00Z,10247.77640740741
2020-09-06T21:00:00Z,10276.121629629632
2020-09-06T22:00:00Z,10273.422592592591
2020-09-06T23:00:00Z,10267.474296296294
2020-09-07T00:00:00Z,10266.744925925925
2020-09-07T01:00:00Z,10273.831703703703
2020-09-07T02:00:00Z,10264.281629629631
2020-09-07T03:00:00Z,10238.857
2020-09-07T04:00:00Z,10200.593777777778
2020-09-07T05:00:00Z,10147.761518518519
2020-09-07T06:00:00Z,10097.246814814815
2020-09-07T07:00:00Z,10071.811814814815
2020-09-07T08:00:00Z,10078.234925925926
2020-09-07T09:00:00Z,10096.586185185186
2020-09-07T10:00:00Z,10100.722962962964
2020-09-07T11:00:00Z,10075.955407407411
2020-09-07T12:00:00Z,10018.14314814815
2020-09-07T13:00:00Z,9999.876481481482
2020-09-07T14:00:00Z,9996.675888888887
2020-09-07T15:00:00Z,10044.18537037037
2020-09-07T16:00:00Z,10119.905518518517
2020-09-07T17:00:00Z,10178.272370370372
2020-09-07T18:00:00Z,10209.227222222224
2020-09-07T19:00:00Z,10204.190407407406
2020-09-07T20:00:00Z,10185.230444444443
2020-09-07T21:00:00Z,10167.49848148148
2020-09-07T22:00:00Z,10227.128185185184
2020-09-07T23:00:00Z,10315.061481481482
2020-09-08T00:00:00Z,10378.551333333335
2020-09-08T01:00:00Z,10394.30762962963
2020-09-08T02:00:00Z,10380.66148148148
2020-09-08T03:00:00Z,10353.622518518518
2020-09-08T04:00:00Z,10318.749999999998
2020-09-08T05:00:00Z,10273.821666666665
2020-09-08T06:00:00Z,10256.731999999998
2020-09-08T07:00:00Z,10253.501629629629
2020-09-08T08:00:00Z,10231.866333333332
2020-09-08T09:00:00Z,10151.589037037036
2020-09-08T10:00:00Z,10063.69048148148
2020-09-08T11:00:00Z,9982.185407407405
2020-09-08T12:00:00Z,9944.678999999998
2020-09-08T13:00:00Z,9939.383814814815
2020-09-08T14:00:00Z,9983.026592592592
2020-09-08T15:00:00Z,10043.02637037037
2020-09-08T16:00:00Z,10108.994259259262
2020-09-08T17:00:00Z,10157.94214814815
2020-09-08T18:00:00Z,10130.764444444445
2020-09-08T19:00:00Z,10066.657962962961
2020-09-08T20:00:00Z,10007.600407407406
2020-09-08T21:00:00Z,9984.127925925925
2020-09-08T22:00:00Z,10015.649037037036
2020-09-08T23:00:00Z,10071.064962962962
2020-09-09T00:00:00Z,10117.812925925926
2020-09-09T01:00:00Z,10143.203111111112
2020-09-09T02:00:00Z,10110.534925925927
2020-09-09T03:00:00Z,10062.724259259261
2020-09-09T04:00:00Z,10035.841074074075
2020-09-09T05:00:00Z,10040.789851851854
2020-09-09T06:00:00Z,10067.495037037037
2020-09-09T07:00:00Z,10120.725037037038
2020-09-09T08:00:00Z,10162.216444444444
2020-09-09T09:00:00Z,10197.144592592593
2020-09-09T10:00:00Z,10209.518222222221
2020-09-09T11:00:00Z,10221.151814814813
2020-09-09T12:00:00Z,10221.60996296296
2020-09-09T13:00:00Z,10222.029925925923
2020-09-09T14:00:00Z,10230.026444444446
2020-09-09T15:00:00Z,10243.742814814816
2020-09-09T16:00:00Z,10255.206185185185
2020-09-09T17:00:00Z,10268.593481481483
2020-09-09T18:00:00Z,10296.78625925926
2020-09-09T19:00:00Z,10311.922962962963
2020-09-09T20:00:00Z,10306.516481481483
2020-09-09T21:00:00Z,10281.72440740741
2020-09-09T22:00:00Z,10264.249925925928
2020-09-09T23:00:00Z,10245.044111111112
2020-09-10T00:00:00Z,10245.870333333332
2020-09-10T01:00:00Z,10288.59537037037
2020-09-10T02:00:00Z,10341.18548148148
2020-09-10T03:00:00Z,10387.40237037037
2020-09-10T04:00:00Z,10411.81777777778
2020-09-10T05:00:00Z,10414.558222222224
2020-09-10T06:00:00Z,10393.96551851852
2020-09-10T07:00:00Z,10348.716703703703
2020-09-10T08:00:00Z,10298.67822222222
2020-09-10T09:00:00Z,10265.162888888886
2020-09-10T10:00:00Z,10250.980555555552
2020-09-10T11:00:00Z,10259.689481481479
2020-09-10T12:00:00Z,10297.104444444441
2020-09-10T13:00:00Z,10364.75662962963
2020-09-10T14:00:00Z,10408.930333333336
2020-09-10T15:00:00Z,10438.285814814817
2020-09-10T16:00:00Z,10420.235000000002
2020-09-10T17:00:00Z,10387.365740740739
2020-09-10T18:00:00Z,10339.338148148148
2020-09-10T19:00:00Z,10293.487518518521
2020-09-10T20:00:00Z,10270.036000000002
2020-09-10T21:00:00Z,10280.86311111111
2020-09-10T22:00:00Z,10310.531222222222
2020-09-10T23:00:00Z,10337.901555555558
2020-09-11T00:00:00Z,10353.239592592594
2020-09-11T01:00:00Z,10345.92985185185
2020-09-11T02:00:00Z,10313.933814814814
2020-09-11T03:00:00Z,10264.308555555554
2020-09-11T04:00:00Z,10220.790148148148
2020-09-11T05:00:00Z,10214.980814814813
2020-09-11T06:00:00Z,10229.659407407406
2020-09-11T07:00:00Z,10249.641777777777
2020-09-11T08:00:00Z,10271.80985185185
2020-09-11T09:00:00Z,10294.943666666666
2020-09-11T10:00:00Z,10307.638185185184
2020-09-11T11:00:00Z,10299.215370370372
2020-09-11T12:00:00Z,10291.059296296296
2020-09-11T13:00:00Z,10278.169888888888
2020-09-11T14:00:00Z,10278.530555555557
2020-09-11T15:00:00Z,10293.364222222224
2020-09-11T16:00:00Z,10307.606000000002
2020-09-11T17:00:00Z,10314.458962962965
2020-09-11T18:00:00Z,10318.483074074074
2020-09-11T19:00:00Z,10322.871074074073
2020-09-11T20:00:00Z,10328.354333333335
2020-09-11T21:00:00Z,10339.314851851852
2020-09-11T22:00:00Z,10355.271407407408
2020-09-11T23:00:00Z,10377.739740740739
2020-09-12T00:00:00Z,10383.937777777777
2020-09-12T01:00:00Z,10384.67277777778
2020-09-12T02:00:00Z,10372.89725925926
2020-09-12T03:00:00Z,10358.930370370372
2020-09-12T04:00:00Z,10353.313814814814
2020-09-12T05:00:00Z,10354.550592592592
2020-09-12T06:00:00Z,10350.246888888889
2020-09-12T07:00:00Z,10345.378555555557
2020-09-12T08:00:00Z,10337.778037037038
2020-09-12T09:00:00Z,10338.287370370372
2020-09-12T10:00:00Z,10339.994518518519
2020-09-12T11:00:00Z,10341.239518518518
2020-09-12T12:00:00Z,10336.593962962963
2020-09-12T13:00:00Z,10322.782518518516
2020-09-12T14:00:00Z,10323.034407407406
2020-09-12T15:00:00Z,10335.226703703702
2020-09-12T16:00:00Z,10356.350296296298
2020-09-12T17:00:00Z,10376.430037037038
2020-09-12T18:00:00Z,10411.925703703704
2020-09-12T19:00:00Z,10450.54025925926
2020-09-12T20:00:00Z,10473.337259259259
2020-09-12T21:00:00Z,10481.439037037037
2020-09-12T22:00:00Z,10472.164333333332
2020-09-12T23:00:00Z,10460.480148148146
2020-09-13T00:00:00Z,10449.14585185185
2020-09-13T01:00:00Z,10438.182296296296
2020-09-13T02:00:00Z,10430.447592592593
2020-09-13T03:00:00Z,10464.452111111112
2020-09-13T04:00:00Z,10511.86562962963
2020-09-13T05:00:00Z,10551.125370370371
2020-09-13T06:00:00Z,10564.692481481483
2020-09-13T07:00:00Z,10562.84337037037
2020-09-13T08:00:00Z,10556.598407407408
2020-09-13T09:00:00Z,10539.59974074074
2020-09-13T10:00:00Z,10505.794
2020-09-13T11:00:00Z,10430.469777777778
2020-09-13T12:00:00Z,10341.764851851853
2020-09-13T13:00:00Z,10282.001555555556
2020-09-13T14:00:00Z,10263.229814814815
2020-09-13T15:00:00Z,10262.011407407406
2020-09-13T16:00:00Z,10259.330296296297
2020-09-13T17:00:00Z,10258.341740740741
2020-09-13T18:00:00Z,10253.385555555556
2020-09-13T19:00:00Z,10266.230111111114
2020-09-13T20:00:00Z,10288.275962962964
2020-09-13T21:00:00Z,10305.876888888888
2020-09-13T22:00:00Z,10316.183629629626
2020-09-13T23:00:00Z,10326.069259259259
2020-09-14T00:00:00Z,10317.529222222225
2020-09-14T01:00:00Z,10314.54425925926
2020-09-14T02:00:00Z,10324.885814814816
2020-09-14T03:00:00Z,10342.547333333334
2020-09-14T04:00:00Z,10357.702888888889
2020-09-14T05:00:00Z,10361.312962962964
2020-09-14T06:00:00Z,10363.004444444445
2020-09-14T07:00:00Z,10376.555962962962
2020-09-14T08:00:00Z,10383.328407407409
2020-09-14T09:00:00Z,10384.697703703703
2020-09-14T10:00:00Z,10394.005518518517
2020-09-14T11:00:00Z,10424.913296296296
2020-09-14T12:00:00Z,10472.219481481481
2020-09-14T13:00:00Z,10555.355481481483
2020-09-14T14:00:00Z,10632.643074074074
2020-09-14T15:00:00Z,10702.960296296294
2020-09-14T16:00:00Z,10754.87825925926
2020-09-14T17:00:00Z,10767.218592592593
2020-09-14T18:00:00Z,10750.034925925926
2020-09-14T19:00:00Z,10717.594703703702
2020-09-14T20:00:00Z,10694.958296296298
2020-09-14T21:00:00Z,10696.77888888889
2020-09-14T22:00:00Z,10690.656444444445
2020-09-14T23:00:00Z,10684.734814814814
2020-09-15T00:00:00Z,10677.957592592591
2020-09-15T01:00:00Z,10686.907555555556
2020-09-15T02:00:00Z,10715.612185185186
2020-09-15T03:00:00Z,10747.79974074074
2020-09-15T04:00:00Z,10763.28411111111
2020-09-15T05:00:00Z,10763.745629629628
2020-09-15T06:00:00Z,10754.03488888889
2020-09-15T07:00:00Z,10746.054074074076
2020-09-15T08:00:00Z,10711.679925925928
2020-09-15T09:00:00Z,10686.92625925926
2020-09-15T10:00:00Z,10721.391000000001
2020-09-15T11:00:00Z,10781.64551851852
2020-09-15T12:00:00Z,10863.96203703704
2020-09-15T13:00:00Z,10904.04188888889
2020-09-15T14:00:00Z,10882.073185185183
2020-09-15T15:00:00Z,10835.419
2020-09-15T16:00:00Z,10791.53948148148
2020-09-15T17:00:00Z,10775.795444444444
2020-09-15T18:00:00Z,10775.373851851851
2020-09-15T19:00:00Z,10780.047259259258
2020-09-15T20:00:00Z,10806.71
2020-09-15T21:00:00Z,10840.156222222222
2020-09-15T22:00:00Z,10843.077259259258
2020-09-15T23:00:00Z,10823.712333333333
2020-09-16T00:00:00Z,10775.681703703704
2020-09-16T01:00:00Z,10735.515111111112
2020-09-16T02:00:00Z,10714.113333333335
2020-09-16T03:00:00Z,10724.785740740741
2020-09-16T04:00:00Z,10752.828888888887
2020-09-16T05:00:00Z,10776.557111111111
2020-09-16T06:00:00Z,10807.872296296295
2020-09-16T07:00:00Z,10857.04162962963
2020-09-16T08:00:00Z,10903.55825925926
2020-09-16T09:00:00Z,10924.564222222221
2020-09-16T10:00:00Z,10912.42711111111
2020-09-16T11:00:00Z,10901.442666666666
2020-09-16T12:00:00Z,10906.599444444446
2020-09-16T13:00:00Z,10920.565111111111
2020-09-16T14:00:00Z,10923.941074074077
2020-09-16T15:00:00Z,10951.272555555553
2020-09-16T16:00:00Z,11006.782518518521
2020-09-16T17:00:00Z,11057.049296296296
2020-09-16T18:00:00Z,11075.140444444447
2020-09-16T19:00:00Z,11054.419518518518
2020-09-16T20:00:00Z,11022.294481481478
2020-09-16T21:00:00Z,11004.877629629627
2020-09-16T22:00:00Z,11006.136407407403
2020-09-16T23:00:00Z,10996.455481481478
2020-09-17T00:00:00Z,10990.812
2020-09-17T01:00:00Z,10975.866
2020-09-17T02:00:00Z,10953.219296296296
2020-09-17T03:00:00Z,10914.520518518517
2020-09-17T04:00:00Z,10887.258518518516
2020-09-17T05:00:00Z,10878.75811111111
2020-09-17T06:00:00Z,10871.461814814813
2020-09-17T07:00:00Z,10871.419629629629
2020-09-17T08:00:00Z,10866.800296296298
2020-09-17T09:00:00Z,10867.10814814815
2020-09-17T10:00:00Z,10854.55551851852
2020-09-17T11:00:00Z,10853.898592592594
2020-09-17T12:00:00Z,10837.564407407408
2020-09-17T13:00:00Z,10821.248370370371
2020-09-17T14:00:00Z,10815.830259259257
2020-09-17T15:00:00Z,10819.265222222222
2020-09-17T16:00:00Z,10831.187888888888
2020-09-17T17:00:00Z,10847.712259259259
2020-09-17T18:00:00Z,10876.201740740742
2020-09-17T19:00:00Z,10907.404407407408
2020-09-17T20:00:00Z,10936.45125925926
2020-09-17T21:00:00Z,10961.758
2020-09-17T22:00:00Z,10963.94096296296
2020-09-17T23:00:00Z,10959.516555555552
2020-09-18T00:00:00Z,10941.525259259259
2020-09-18T01:00:00Z,10920.375629629629
2020-09-18T02:00:00Z,10910.014407407407
2020-09-18T03:00:00Z,10910.282296296295
2020-09-18T04:00:00Z,10911.45648148148
2020-09-18T05:00:00Z,10917.815333333332
2020-09-18T06:00:00Z,10936.079555555554
2020-09-18T07:00:00Z,10952.827370370369
2020-09-18T08:00:00Z,10965.736333333332
2020-09-18T09:00:00Z,10986.028629629625
2020-09-18T10:00:00Z,10994.746555555554
2020-09-18T11:00:00Z,10995.917259259259
2020-09-18T12:00:00Z,10993.151333333333
2020-09-18T13:00:00Z,10968.927333333333
2020-09-18T14:00:00Z,10949.138481481483
2020-09-18T15:00:00Z,10921.796740740741
2020-09-18T16:00:00Z,10895.308296296294
2020-09-18T17:00:00Z,10861.07148148148
2020-09-18T18:00:00Z,10839.659444444444
2020-09-18T19:00:00Z,10835.273259259258
2020-09-18T20:00:00Z,10848.921814814816
2020-09-18T21:00:00Z,10886.466407407408
2020-09-18T22:00:00Z,10921.539185185187
2020-09-18T23:00:00Z,10946.559703703708
2020-09-19T00:00:00Z,10968.194185185188
2020-09-19T01:00:00Z,10975.077851851855
2020-09-19T02:00:00Z,10980.479074074077
2020-09-19T03:00:00Z,10984.965740740741
2020-09-19T04:00:00Z,10982.808555555554
2020-09-19T05:00:00Z,10968.688518518518
2020-09-19T06:00:00Z,10953.126296296296
2020-09-19T07:00:00Z,10929.447629629629
2020-09-19T08:00:00Z,10916.040185185186
2020-09-19T09:00:00Z,10918.22155555556
2020-09-19T10:00:00Z,10943.139703703708
2020-09-19T11:00:00Z,11020.334703703707
2020-09-19T12:00:00Z,11094.646481481483
2020-09-19T13:00:00Z,11145.227444444448
2020-09-19T14:00:00Z,11152.942296296298
2020-09-19T15:00:00Z,11136.07803703704
2020-09-19T16:00:00Z,11105.645296296294
2020-09-19T17:00:00Z,11081.16459259259
2020-09-19T18:00:00Z,11061.379925925925
2020-09-19T19:00:00Z,11051.136888888888
2020-09-19T20:00:00Z,11059.802000000001
2020-09-19T21:00:00Z,11063.684333333333
2020-09-19T22:00:00Z,11067.650740740743
2020-09-19T23:00:00Z,11071.35033333333
2020-09-20T00:00:00Z,11069.008999999998
2020-09-20T01:00:00Z,11030.025740740739
2020-09-20T02:00:00Z,10969.913185185185
2020-09-20T03:00:00Z,10923.112518518517
2020-09-20T04:00:00Z,10910.472259259259
2020-09-20T05:00:00Z,10920.512518518519
2020-09-20T06:00:00Z,10940.298407407407
2020-09-20T07:00:00Z,10953.989851851853
2020-09-20T08:00:00Z,10958.944037037038
2020-09-20T09:00:00Z,10961.238037037037
2020-09-20T10:00:00Z,10968.119518518515
2020-09-20T11:00:00Z,10967.382555555552
2020-09-20T12:00:00Z,10931.810925925924
2020-09-20T13:00:00Z,10886.911407407408
2020-09-20T14:00:00Z,10842.71788888889
2020-09-20T15:00:00Z,10816.617333333334
2020-09-20T16:00:00Z,10814.265111111112
2020-09-20T17:00:00Z,10838.13362962963
2020-09-20T18:00:00Z,10868.845666666668
2020-09-20T19:00:00Z,10886.768148148149
2020-09-20T20:00:00Z,10884.482296296295
2020-09-20T21:00:00Z,10875.73159259259
2020-09-20T22:00:00Z,10870.350925925924
2020-09-20T23:00:00Z,10884.390962962963
2020-09-21T00:00:00Z,10917.243555555557
2020-09-21T01:00:00Z,10946.778222222223
2020-09-21T02:00:00Z,10964.043814814811
2020-09-21T03:00:00Z,10972.805814814812
2020-09-21T04:00:00Z,10974.147592592592
2020-09-21T05:00:00Z,10974.123407407407
2020-09-21T06:00:00Z,10968.491666666667
2020-09-21T07:00:00Z,10944.746740740738
2020-09-21T08:00:00Z,10900.533259259259
2020-09-21T09:00:00Z,10810.883037037036
2020-09-21T10:00:00Z,10709.257037037038
2020-09-21T11:00:00Z,10621.423962962965
2020-09-21T12:00:00Z,10553.371037037037
2020-09-21T13:00:00Z,10523.036296296295
2020-09-21T14:00:00Z,10467.14674074074
2020-09-21T15:00:00Z,10411.345333333331
2020-09-21T16:00:00Z,10357.393555555554
2020-09-21T17:00:00Z,10331.217703703702
2020-09-21T18:00:00Z,10347.024074074074
2020-09-21T19:00:00Z,10400.089925925926
2020-09-21T20:00:00Z,10454.069666666666
2020-09-21T21:00:00Z,10496.964333333335
2020-09-21T22:00:00Z,10512.741555555556
2020-09-21T23:00:00Z,10489.78711111111
2020-09-22T00:00:00Z,10464.195740740739
2020-09-22T01:00:00Z,10440.05762962963
2020-09-22T02:00:00Z,10437.152185185187
2020-09-22T03:00:00Z,10441.116074074076
2020-09-22T04:00:00Z,10450.23388888889
2020-09-22T05:00:00Z,10457.353222222224
2020-09-22T06:00:00Z,10450.179555555555
2020-09-22T07:00:00Z,10421.058925925923
2020-09-22T08:00:00Z,10411.882259259257
2020-09-22T09:00:00Z,10419.130148148148
2020-09-22T10:00:00Z,10439.454962962964
2020-09-22T11:00:00Z,10456.366148148149
2020-09-22T12:00:00Z,10473.798925925927
2020-09-22T13:00:00Z,10482.792148148146
2020-09-22T14:00:00Z,10474.592777777776
2020-09-22T15:00:00Z,10461.940888888887
2020-09-22T16:00:00Z,10450.35037037037
2020-09-22T17:00:00Z,10456.709814814814
2020-09-22T18:00:00Z,10473.693629629628
2020-09-22T19:00:00Z,10491.50951851852
2020-09-22T20:00:00Z,10508.792703703704
2020-09-22T21:00:00Z,10531.420222222223
2020-09-22T22:00:00Z,10541.006444444443
2020-09-22T23:00:00Z,10544.25385185185
2020-09-23T00:00:00Z,10535.69811111111
2020-09-23T01:00:00Z,10524.153888888888
2020-09-23T02:00:00Z,10517.44462962963
2020-09-23T03:00:00Z,10502.96637037037
2020-09-23T04:00:00Z,10484.99511111111
2020-09-23T05:00:00Z,10468.833185185185
2020-09-23T06:00:00Z,10448.062703703705
2020-09-23T07:00:00Z,10430.50274074074
2020-09-23T08:00:00Z,10423.306185185185
2020-09-23T09:00:00Z,10437.228888888889
2020-09-23T10:00:00Z,10463.232296296297
2020-09-23T11:00:00Z,10482.581666666667
2020-09-23T12:00:00Z,10500.16314814815
2020-09-23T13:00:00Z,10508.972481481484
2020-09-23T14:00:00Z,10504.71277777778
2020-09-23T15:00:00Z,10486.878037037039
2020-09-23T16:00:00Z,10473.956740740743
2020-09-23T17:00:00Z,10461.868148148149
2020-09-23T18:00:00Z,10438.856148148148
2020-09-23T19:00:00Z,10379.035296296295
2020-09-23T20:00:00Z,10292.307148148147
2020-09-23T21:00:00Z,10224.390555555554
2020-09-23T22:00:00Z,10197.479777777779
2020-09-23T23:00:00Z,10196.578555555556
2020-09-24T00:00:00Z,10222.975666666665
2020-09-24T01:00:00Z,10252.630333333333
2020-09-24T02:00:00Z,10276.206074074074
2020-09-24T03:00:00Z,10294.040296296298
2020-09-24T04:00:00Z,10296.928296296297
2020-09-24T05:00:00Z,10295.38611111111
2020-09-24T06:00:00Z,10291.001629629629
2020-09-24T07:00:00Z,10304.439888888888
2020-09-24T08:00:00Z,10316.802703703703
2020-09-24T09:00:00Z,10328.242925925924
2020-09-24T10:00:00Z,10348.695074074074
2020-09-24T11:00:00Z,10380.264185185186
2020-09-24T12:00:00Z,10401.650925925926
2020-09-24T13:00:00Z,10405.285370370371
2020-09-24T14:00:00Z,10405.833111111111
2020-09-24T15:00:00Z,10449.535037037038
2020-09-24T16:00:00Z,10550.632148148148
2020-09-24T17:00:00Z,10654.969148148148
2020-09-24T18:00:00Z,10706.567
2020-09-24T19:00:00Z,10716.696370370368
2020-09-24T20:00:00Z,10693.370222222218
2020-09-24T21:00:00Z,10672.123555555552
2020-09-24T22:00:00Z,10695.04222222222
2020-09-24T23:00:00Z,10729.714222222223
2020-09-25T00:00:00Z,10751.652
2020-09-25T01:00:00Z,10744.44262962963
2020-09-25T02:00:00Z,10726.151592592594
2020-09-25T03:00:00Z,10698.621000000001
2020-09-25T04:00:00Z,10678.445814814815
2020-09-25T05:00:00Z,10657.164592592593
2020-09-25T06:00:00Z,10654.488296296297
2020-09-25T07:00:00Z,10665.912962962962
2020-09-25T08:00:00Z,10654.694296296295
2020-09-25T09:00:00Z,10625.040333333332
2020-09-25T10:00:00Z,10592.135296296297
2020-09-25T11:00:00Z,10582.23725925926
2020-09-25T12:00:00Z,10589.312666666667
2020-09-25T13:00:00Z,10602.682111111111
2020-09-25T14:00:00Z,10613.952518518518
2020-09-25T15:00:00Z,10629.937703703703
2020-09-25T16:00:00Z,10647.545148148149
2020-09-25T17:00:00Z,10674.534481481483
2020-09-25T18:00:00Z,10701.209407407407
2020-09-25T19:00:00Z,10724.235185185185
2020-09-25T20:00:00Z,10736.602037037037
2020-09-25T21:00:00Z,10748.69874074074
2020-09-25T22:00:00Z,10740.184037037037
2020-09-25T23:00:00Z,10721.119962962965
2020-09-26T00:00:00Z,10690.5792962963
2020-09-26T01:00:00Z,10673.668814814815
2020-09-26T02:00:00Z,10678.554999999998
2020-09-26T03:00:00Z,10694.37988888889
2020-09-26T04:00:00Z,10718.879592592593
2020-09-26T05:00:00Z,10734.969185185184
2020-09-26T06:00:00Z,10745.140703703704
2020-09-26T07:00:00Z,10740.562703703703
2020-09-26T08:00:00Z,10723.063999999998
2020-09-26T09:00:00Z,10704.557407407408
2020-09-26T10:00:00Z,10700.750962962964
2020-09-26T11:00:00Z,10703.863925925927
2020-09-26T12:00:00Z,10704.095777777778
2020-09-26T13:00:00Z,10695.174444444443
2020-09-26T14:00:00Z,10692.905777777778
2020-09-26T15:00:00Z,10700.423925925927
2020-09-26T16:00:00Z,10721.574
2020-09-26T17:00:00Z,10742.810740740739
2020-09-26T18:00:00Z,10750.941925925923
2020-09-26T19:00:00Z,10746.074666666664
2020-09-26T20:00:00Z,10734.031481481481
2020-09-26T21:00:00Z,10723.765999999998
2020-09-26T22:00:00Z,10722.594481481481
2020-09-26T23:00:00Z,10725.647592592593
2020-09-27T00:00:00Z,10743.99962962963
2020-09-27T01:00:00Z,10765.164851851852
2020-09-27T02:00:00Z,10784.166148148148
2020-09-27T03:00:00Z,10795.821333333335
2020-09-27T04:00:00Z,10799.565185185184
2020-09-27T05:00:00Z,10798.532703703702
2020-09-27T06:00:00Z,10759.690185185182
2020-09-27T07:00:00Z,10709.377666666665
2020-09-27T08:00:00Z,10658.688444444444
2020-09-27T09:00:00Z,10622.71437037037
2020-09-27T10:00:00Z,10614.812555555556
2020-09-27T11:00:00Z,10612.967592592593
2020-09-27T12:00:00Z,10626.61525925926
2020-09-27T13:00:00Z,10647.245666666666
2020-09-27T14:00:00Z,10667.159
2020-09-27T15:00:00Z,10704.51885185185
2020-09-27T16:00:00Z,10731.706666666663
2020-09-27T17:00:00Z,10747.783666666664
2020-09-27T18:00:00Z,10746.513333333334
2020-09-27T19:00:00Z,10741.835703703704
2020-09-27T20:00:00Z,10736.082814814814
2020-09-27T21:00:00Z,10730.847999999998
2020-09-27T22:00:00Z,10736.968037037037
2020-09-27T23:00:00Z,10753.840592592593
2020-09-28T00:00:00Z,10807.80048148148
2020-09-28T01:00:00Z,10878.588037037038
2020-09-28T02:00:00Z,10934.08414814815
2020-09-28T03:00:00Z,10952.267777777777
2020-09-28T04:00:00Z,10943.052925925926
2020-09-28T05:00:00Z,10919.760851851852
2020-09-28T06:00:00Z,10894.609592592591
2020-09-28T07:00:00Z,10871.03025925926
2020-09-28T08:00:00Z,10854.872037037037
2020-09-28T09:00:00Z,10847.061185185185
2020-09-28T10:00:00Z,10852.497222222219
2020-09-28T11:00:00Z,10864.532629629628
2020-09-28T12:00:00Z,10883.781777777776
2020-09-28T13:00:00Z,10896.18662962963
2020-09-28T14:00:00Z,10892.581
2020-09-28T15:00:00Z,10891.117851851852
2020-09-28T16:00:00Z,10890.039222222222
2020-09-28T17:00:00Z,10892.868925925926
2020-09-28T18:00:00Z,10889.25425925926
2020-09-28T19:00:00Z,10880.203037037036
2020-09-28T20:00:00Z,10870.267444444442
2020-09-28T21:00:00Z,10869.948592592593
2020-09-28T22:00:00Z,10869.95062962963
2020-09-28T23:00:00Z,10817.801851851853
2020-09-29T00:00:00Z,10748.481333333335
2020-09-29T01:00:00Z,10679.855000000001
2020-09-29T02:00:00Z,10641.237592592594
2020-09-29T03:00:00Z,10634.90988888889
2020-09-29T04:00:00Z,10646.10362962963
2020-09-29T05:00:00Z,10658.33203703704
2020-09-29T06:00:00Z,10685.412666666667
2020-09-29T07:00:00Z,10710.88737037037
2020-09-29T08:00:00Z,10730.725185185185
2020-09-29T09:00:00Z,10736.488592592592
2020-09-29T10:00:00Z,10747.277592592594
2020-09-29T11:00:00Z,10757.852222222224
2020-09-29T12:00:00Z,10767.448518518519
2020-09-29T13:00:00Z,10771.32988888889
2020-09-29T14:00:00Z,10770.333629629631
2020-09-29T15:00:00Z,10756.435444444445
2020-09-29T16:00:00Z,10728.96
2020-09-29T17:00:00Z,10695.849259259261
2020-09-29T18:00:00Z,10684.613777777779
2020-09-29T19:00:00Z,10695.940185185185
2020-09-29T20:00:00Z,10723.525592592592
2020-09-29T21:00:00Z,10753.986037037039
2020-09-29T22:00:00Z,10774.061925925927
2020-09-29T23:00:00Z,10804.63066666667
2020-09-30T00:00:00Z,10825.077703703706
2020-09-30T01:00:00Z,10829.342740740742
2020-09-30T02:00:00Z,10814.350888888888
2020-09-30T03:00:00Z,10781.87351851852
2020-09-30T04:00:00Z,10753.596592592592
2020-09-30T05:00:00Z,10721.63
2020-09-30T06:00:00Z,10701.311037037038
2020-09-30T07:00:00Z,10686.909222222223
2020-09-30T08:00:00Z,10683.240333333335
2020-09-30T09:00:00Z,10683.16337037037
2020-09-30T10:00:00Z,10692.929777777777
2020-09-30T11:00:00Z,10692.681555555553
2020-09-30T12:00:00Z,10699.900481481482
2020-09-30T13:00:00Z,10714.17433333333
2020-09-30T14:00:00Z,10733.37811111111
2020-09-30T15:00:00Z,10760.222333333331
2020-09-30T16:00:00Z,10783.978925925925
2020-09-30T17:00:00Z,10794.430925925924
2020-09-30T18:00:00Z,10780.704740740739
2020-09-30T19:00:00Z,10749.639703703702
2020-09-30T20:00:00Z,10716.855925925925
2020-09-30T21:00:00Z,10696.040333333332
2020-09-30T22:00:00Z,10700.475666666667
2020-09-30T23:00:00Z,10728.766222222222
2020-10-01T00:00:00Z,10764.208407407408
2020-10-01T01:00:00Z,10807.782407407407
2020-10-01T02:00:00Z,10836.32411111111
2020-10-01T03:00:00Z,10842.406074074073
2020-10-01T04:00:00Z,10833.747814814815
2020-10-01T05:00:00Z,10825.259999999998
2020-10-01T06:00:00Z,10822.615444444442
2020-10-01T07:00:00Z,10825.899
2020-10-01T08:00:00Z,10844.930148148149
2020-10-01T09:00:00Z,10874.366074074074
2020-10-01T10:00:00Z,10893.595814814817
2020-10-01T11:00:00Z,10909.227407407408
2020-10-01T12:00:00Z,10911.365333333335
2020-10-01T13:00:00Z,10899.318296296298
2020-10-01T14:00:00Z,10881.637851851852
2020-10-01T15:00:00Z,10821.490444444446
2020-10-01T16:00:00Z,10690.472
2020-10-01T17:00:00Z,10539.546
2020-10-01T18:00:00Z,10457.813555555555
2020-10-01T19:00:00Z,10462.604592592592
2020-10-01T20:00:00Z,10517.051629629628
2020-10-01T21:00:00Z,10565.229037037034
2020-10-01T22:00:00Z,10593.608148148147
2020-10-01T23:00:00Z,10609.321148148148
2020-10-02T00:00:00Z,10611.688407407406
2020-10-02T01:00:00Z,10606.246555555555
2020-10-02T02:00:00Z,10599.541333333334
2020-10-02T03:00:00Z,10610.418037037038
2020-10-02T04:00:00Z,10612.391185185184
2020-10-02T05:00:00Z,10561.949518518517
2020-10-02T06:00:00Z,10508.327444444443
2020-10-02T07:00:00Z,10467.121148148148
2020-10-02T08:00:00Z,10443.117962962962
2020-10-02T09:00:00Z,10432.996925925925
2020-10-02T10:00:00Z,10432.121555555555
2020-10-02T11:00:00Z,10430.682740740742
2020-10-02T12:00:00Z,10445.62751851852
2020-10-02T13:00:00Z,10478.488518518521
2020-10-02T14:00:00Z,10511.773333333336
2020-10-02T15:00:00Z,10533.393296296299
2020-10-02T16:00:00Z,10548.550222222222
2020-10-02T17:00:00Z,10555.154444444444
2020-10-02T18:00:00Z,10560.600074074075
2020-10-02T19:00:00Z,10551.804407407408
2020-10-02T20:00:00Z,10544.93088888889
2020-10-02T21:00:00Z,10519.52996296296
2020-10-02T22:00:00Z,10515.729185185186
2020-10-02T23:00:00Z,10531.855185185186
2020-10-03T00:00:00Z,10550.202
2020-10-03T01:00:00Z,10558.903555555555
2020-10-03T02:00:00Z,10556.53837037037
2020-10-03T03:00:00Z,10553.542740740742
2020-10-03T04:00:00Z,10555.27877777778
2020-10-03T05:00:00Z,10554.142851851853
2020-10-03T06:00:00Z,10546.079296296295
2020-10-03T07:00:00Z,10535.47674074074
2020-10-03T08:00:00Z,10521.664407407408
2020-10-03T09:00:00Z,10515.930629629629
2020-10-03T10:00:00Z,10523.726185185187
2020-10-03T11:00:00Z,10534.943111111112
2020-10-03T12:00:00Z,10543.238481481481
2020-10-03T13:00:00Z,10543.80488888889
2020-10-03T14:00:00Z,10541.941370370372
2020-10-03T15:00:00Z,10543.306925925928
2020-10-03T16:00:00Z,10556.772333333334
2020-10-03T17:00:00Z,10575.41662962963
2020-10-03T18:00:00Z,10589.049185185186
2020-10-03T19:00:00Z,10596.810407407405
2020-10-03T20:00:00Z,10593.191222222222
2020-10-03T21:00:00Z,10586.862185185188
2020-10-03T22:00:00Z,10576.715222222221
2020-10-03T23:00:00Z,10563.971777777775
2020-10-04T00:00:00Z,10552.70025925926
2020-10-04T01:00:00Z,10543.87374074074
2020-10-04T02:00:00Z,10542.680851851852
2020-10-04T03:00:00Z,10544.989851851853
2020-10-04T04:00:00Z,10554.031703703704
2020-10-04T05:00:00Z,10563.831518518518
2020-10-04T06:00:00Z,10586.655740740744
2020-10-04T07:00:00Z,10608.897703703706
2020-10-04T08:00:00Z,10620.78462962963
2020-10-04T09:00:00Z,10621.043370370367
2020-10-04T10:00:00Z,10609.813703703703
2020-10-04T11:00:00Z,10602.246592592592
2020-10-04T12:00:00Z,10601.46288888889
2020-10-04T13:00:00Z,10606.03211111111
2020-10-04T14:00:00Z,10610.783777777779
2020-10-04T15:00:00Z,10609.302370370371
2020-10-04T16:00:00Z,10606.682
2020-10-04T17:00:00Z,10605.812814814815
2020-10-04T18:00:00Z,10614.79862962963
2020-10-04T19:00:00Z,10639.96662962963
2020-10-04T20:00:00Z,10659.048925925925
2020-10-04T21:00:00Z,10667.101592592591
2020-10-04T22:00:00Z,10668.534629629632
2020-10-04T23:00:00Z,10669.89962962963
2020-10-05T00:00:00Z,10684.728592592593
2020-10-05T01:00:00Z,10699.169481481482
2020-10-05T02:00:00Z,10714.094444444445
2020-10-05T03:00:00Z,10710.237222222224
2020-10-05T04:00:00Z,10692.162925925926
2020-10-05T05:00:00Z,10677.06337037037
2020-10-05T06:00:00Z,10659.011259259258
2020-10-05T07:00:00Z,10660.628037037035
2020-10-05T08:00:00Z,10666.504037037035
2020-10-05T09:00:00Z,10675.830925925924
2020-10-05T10:00:00Z,10681.798222222222
2020-10-05T11:00:00Z,10679.695185185185
2020-10-05T12:00:00Z,10682.88974074074
2020-10-05T13:00:00Z,10699.247370370369
2020-10-05T14:00:00Z,10719.488185185186
2020-10-05T15:00:00Z,10735.04562962963
2020-10-05T16:00:00Z,10746.689703703703
2020-10-05T17:00:00Z,10737.82725925926
2020-10-05T18:00:00Z,10726.107148148149
2020-10-05T19:00:00Z,10722.121444444443
2020-10-05T20:00:00Z,10728.060296296297
2020-10-05T21:00:00Z,10738.476333333332
2020-10-05T22:00:00Z,10749.37285185185
2020-10-05T23:00:00Z,10769.0257037037
2020-10-06T00:00:00Z,10778.352518518515
2020-10-06T01:00:00Z,10781.829
2020-10-06T02:00:00Z,10777.194000000001
2020-10-06T03:00:00Z,10772.045296296299
2020-10-06T04:00:00Z,10769.707148148149
2020-10-06T05:00:00Z,10763.441444444445
2020-10-06T06:00:00Z,10753.96085185185
2020-10-06T07:00:00Z,10735.51237037037
2020-10-06T08:00:00Z,10725.89937037037
2020-10-06T09:00:00Z,10726.631777777779
2020-10-06T10:00:00Z,10721.96388888889
2020-10-06T11:00:00Z,10711.28451851852
2020-10-06T12:00:00Z,10697.830333333333
2020-10-06T13:00:00Z,10682.211444444445
2020-10-06T14:00:00Z,10669.643444444444
2020-10-06T15:00:00Z,10680.410185185186
2020-10-06T16:00:00Z,10700.798592592591
2020-10-06T17:00:00Z,10716.837037037038
2020-10-06T18:00:00Z,10689.308592592592
2020-10-06T19:00:00Z,10631.071814814817
2020-10-06T20:00:00Z,10566.18525925926
2020-10-06T21:00:00Z,10528.778481481482
2020-10-06T22:00:00Z,10527.667370370371
2020-10-06T23:00:00Z,10551.296629629629
2020-10-07T00:00:00Z,10577.395592592593
2020-10-07T01:00:00Z,10591.025888888887
2020-10-07T02:00:00Z,10596.427148148148
2020-10-07T03:00:00Z,10592.040333333332
2020-10-07T04:00:00Z,10589.340814814814
2020-10-07T05:00:00Z,10594.498555555554
2020-10-07T06:00:00Z,10607.625407407404
2020-10-07T07:00:00Z,10620.238148148148
2020-10-07T08:00:00Z,10625.515592592594
2020-10-07T09:00:00Z,10616.394814814816
2020-10-07T10:00:00Z,10605.316925925925
2020-10-07T11:00:00Z,10598.935222222222
2020-10-07T12:00:00Z,10605.625629629629
2020-10-07T13:00:00Z,10614.069555555556
2020-10-07T14:00:00Z,10624.048666666667
2020-10-07T15:00:00Z,10631.053111111112
2020-10-07T16:00:00Z,10634.352666666668
2020-10-07T17:00:00Z,10637.632037037036
2020-10-07T18:00:00Z,10646.947888888888
2020-10-07T19:00:00Z,10655.521148148146
2020-10-07T20:00:00Z,10663.839777777777
2020-10-07T21:00:00Z,10668.30188888889
2020-10-07T22:00:00Z,10668.886185185185
2020-10-07T23:00:00Z,10670.22525925926
2020-10-08T00:00:00Z,10663.715481481482
2020-10-08T01:00:00Z,10655.151444444442
2020-10-08T02:00:00Z,10645.836925925925
2020-10-08T03:00:00Z,10640.665814814813
2020-10-08T04:00:00Z,10636.37111111111
2020-10-08T05:00:00Z,10627.858555555555
2020-10-08T06:00:00Z,10621.642703703705
2020-10-08T07:00:00Z,10607.25911111111
2020-10-08T08:00:00Z,10585.068185185186
2020-10-08T09:00:00Z,10563.497407407409
2020-10-08T10:00:00Z,10564.090666666669
2020-10-08T11:00:00Z,10578.526333333335
2020-10-08T12:00:00Z,10606.220037037037
2020-10-08T13:00:00Z,10660.266629629632
2020-10-08T14:00:00Z,10769.351814814814
2020-10-08T15:00:00Z,10879.917037037038
2020-10-08T16:00:00Z,10965.44740740741
2020-10-08T17:00:00Z,10988.916814814816
2020-10-08T18:00:00Z,10965.680592592595
2020-10-08T19:00:00Z,10930.162925925928
2020-10-08T20:00:00Z,10904.312370370371
2020-10-08T21:00:00Z,10890.08637037037
2020-10-08T22:00:00Z,10889.287074074075
2020-10-08T23:00:00Z,10904.191629629631
2020-10-09T00:00:00Z,10908.342185185187
2020-10-09T01:00:00Z,10908.821370370373
2020-10-09T02:00:00Z,10906.053333333335
2020-10-09T03:00:00Z,10900.303555555554
2020-10-09T04:00:00Z,10891.454148148146
2020-10-09T05:00:00Z,10878.688333333334
2020-10-09T06:00:00Z,10862.881074074074
2020-10-09T07:00:00Z,10862.46311111111
2020-10-09T08:00:00Z,10873.418407407407
2020-10-09T09:00:00Z,10882.360555555555
2020-10-09T10:00:00Z,10919.829481481482
2020-10-09T11:00:00Z,10981.452962962963
2020-10-09T12:00:00Z,11049.173555555555
2020-10-09T13:00:00Z,11100.528222222223
2020-10-09T14:00:00Z,11120.14014814815
2020-10-09T15:00:00Z,11123.76807407407
2020-10-09T16:00:00Z,11107.250814814814
2020-10-09T17:00:00Z,11089.625
2020-10-09T18:00:00Z,11070.538
2020-10-09T19:00:00Z,11053.637555555555
2020-10-09T20:00:00Z,11041.581037037038
2020-10-09T21:00:00Z,11039.876074074074
2020-10-09T22:00:00Z,11052.275
2020-10-09T23:00:00Z,11062.04459259259
2020-10-10T00:00:00Z,11074.400259259259
2020-10-10T01:00:00Z,11087.178407407408
2020-10-10T02:00:00Z,11185.802407407407
2020-10-10T03:00:00Z,11319.934296296296
2020-10-10T04:00:00Z,11435.776222222223
2020-10-10T05:00:00Z,11485.525999999998
2020-10-10T06:00:00Z,11469.674962962958
2020-10-10T07:00:00Z,11436.023148148146
2020-10-10T08:00:00Z,11405.965703703701
2020-10-10T09:00:00Z,11372.222407407404
2020-10-10T10:00:00Z,11339.949333333332
2020-10-10T11:00:00Z,11316.455666666667
2020-10-10T12:00:00Z,11313.024148148144
2020-10-10T13:00:00Z,11326.210666666666
2020-10-10T14:00:00Z,11345.483222222223
2020-10-10T15:00:00Z,11359.337074074077
2020-10-10T16:00:00Z,11359.634037037036
2020-10-10T17:00:00Z,11358.457
2020-10-10T18:00:00Z,11361.110518518517
2020-10-10T19:00:00Z,11364.348666666665
2020-10-10T20:00:00Z,11368.650814814813
2020-10-10T21:00:00Z,11373.385703703703
2020-10-10T22:00:00Z,11370.95122222222
2020-10-10T23:00:00Z,11348.158703703704
2020-10-11T00:00:00Z,11321.362074074073
2020-10-11T01:00:00Z,11319.975962962963
2020-10-11T02:00:00Z,11333.589
2020-10-11T03:00:00Z,11345.612185185184
2020-10-11T04:00:00Z,11343.619074074077
2020-10-11T05:00:00Z,11338.345814814815
2020-10-11T06:00:00Z,11342.003074074071
2020-10-11T07:00:00Z,11350.172629629631
2020-10-11T08:00:00Z,11355.198037037038
2020-10-11T09:00:00Z,11357.058555555557
2020-10-11T10:00:00Z,11367.740962962964
2020-10-11T11:00:00Z,11377.311111111112
2020-10-11T12:00:00Z,11378.848592592592
2020-10-11T13:00:00Z,11376.782
2020-10-11T14:00:00Z,11375.719481481481
2020-10-11T15:00:00Z,11386.08059259259
2020-10-11T16:00:00Z,11396.76211111111
2020-10-11T17:00:00Z,11412.240407407406
2020-10-11T18:00:00Z,11421.191888888889
2020-10-11T19:00:00Z,11401.597666666667
2020-10-11T20:00:00Z,11367.34048148148
2020-10-11T21:00:00Z,11332.310703703703
2020-10-11T22:00:00Z,11320.94822222222
2020-10-11T23:00:00Z,11333.367148148149
2020-10-12T00:00:00Z,11358.114962962964
2020-10-12T01:00:00Z,11384.241629629634
2020-10-12T02:00:00Z,11403.382703703706
2020-10-12T03:00:00Z,11409.357185185187
2020-10-12T04:00:00Z,11404.948555555553
2020-10-12T05:00:00Z,11400.936592592594
2020-10-12T06:00:00Z,11381.399
2020-10-12T07:00:00Z,11369.066814814816
2020-10-12T08:00:00Z,11358.621074074073
2020-10-12T09:00:00Z,11353.232296296299
2020-10-12T10:00:00Z,11324.191333333334
2020-10-12T11:00:00Z,11280.857740740737
2020-10-12T12:00:00Z,11255.639296296293
2020-10-12T13:00:00Z,11313.024962962963
2020-10-12T14:00:00Z,11403.320444444447
2020-10-12T15:00:00Z,11507.247814814815
2020-10-12T16:00:00Z,11580.33666666667
2020-10-12T17:00:00Z,11613.181185185187
2020-10-12T18:00:00Z,11615.519
2020-10-12T19:00:00Z,11598.228703703702
2020-10-12T20:00:00Z,11582.860629629628
2020-10-12T21:00:00Z,11610.377629629627
2020-10-12T22:00:00Z,11650.865
2020-10-12T23:00:00Z,11646.025629629628
2020-10-13T00:00:00Z,11593.93296296296
2020-10-13T01:00:00Z,11530.314259259258
2020-10-13T02:00:00Z,11482.524333333335
2020-10-13T03:00:00Z,11454.15885185185
2020-10-13T04:00:00Z,11447.62985185185
2020-10-13T05:00:00Z,11461.071518518516
2020-10-13T06:00:00Z,11475.753518518519
2020-10-13T07:00:00Z,11476.802296296295
2020-10-13T08:00:00Z,11478.238
2020-10-13T09:00:00Z,11474.426111111112
2020-10-13T10:00:00Z,11487.252259259258
2020-10-13T11:00:00Z,11497.922037037037
2020-10-13T12:00:00Z,11489.117370370368
2020-10-13T13:00:00Z,11441.184333333333
2020-10-13T14:00:00Z,11392.598962962962
2020-10-13T15:00:00Z,11362.04918518519
2020-10-13T16:00:00Z,11358.713814814813
2020-10-13T17:00:00Z,11360.121185185184
2020-10-13T18:00:00Z,11365.695925925926
2020-10-13T19:00:00Z,11373.551407407407
2020-10-13T20:00:00Z,11395.790740740738
2020-10-13T21:00:00Z,11428.037555555553
2020-10-13T22:00:00Z,11452.733222222223
2020-10-13T23:00:00Z,11459.312
2020-10-14T00:00:00Z,11468.412518518517
2020-10-14T01:00:00Z,11470.402888888886
2020-10-14T02:00:00Z,11461.831703703705
2020-10-14T03:00:00Z,11437.491666666669
2020-10-14T04:00:00Z,11409.095851851853
2020-10-14T05:00:00Z,11394.3792962963
2020-10-14T06:00:00Z,11398.658444444445
2020-10-14T07:00:00Z,11409.017481481484
2020-10-14T08:00:00Z,11425.03237037037
2020-10-14T09:00:00Z,11431.984814814816
2020-10-14T10:00:00Z,11420.57162962963
2020-10-14T11:00:00Z,11397.242703703703
2020-10-14T12:00:00Z,11385.674962962963
2020-10-14T13:00:00Z,11426.17337037037
2020-10-14T14:00:00Z,11445.917296296297
2020-10-14T15:00:00Z,11422.048851851852
2020-10-14T16:00:00Z,11376.396518518517
2020-10-14T17:00:00Z,11335.590222222221
2020-10-14T18:00:00Z,11318.601259259261
2020-10-14T19:00:00Z,11319.98351851852
2020-10-14T20:00:00Z,11342.531851851852
2020-10-14T21:00:00Z,11366.103185185188
2020-10-14T22:00:00Z,11391.397555555557
2020-10-14T23:00:00Z,11415.420333333333
2020-10-15T00:00:00Z,11424.071555555553
2020-10-15T01:00:00Z,11421.122740740737
2020-10-15T02:00:00Z,11402.449000000002
2020-10-15T03:00:00Z,11385.58062962963
2020-10-15T04:00:00Z,11380.804740740743
2020-10-15T05:00:00Z,11389.256333333333
2020-10-15T06:00:00Z,11400.166296296293
2020-10-15T07:00:00Z,11408.033444444443
2020-10-15T08:00:00Z,11393.904296296294
2020-10-15T09:00:00Z,11359.04974074074
2020-10-15T10:00:00Z,11328.956259259261
2020-10-15T11:00:00Z,11307.929814814814
2020-10-15T12:00:00Z,11320.117555555555
2020-10-15T13:00:00Z,11356.488592592594
2020-10-15T14:00:00Z,11390.659703703705
2020-10-15T15:00:00Z,11413.284666666666
2020-10-15T16:00:00Z,11415.193592592592
2020-10-15T17:00:00Z,11431.234740740743
2020-10-15T18:00:00Z,11456.792851851853
2020-10-15T19:00:00Z,11499.478777777782
2020-10-15T20:00:00Z,11541.761962962964
2020-10-15T21:00:00Z,11556.166703703706
2020-10-15T22:00:00Z,11543.44174074074
2020-10-15T23:00:00Z,11523.806296296296
2020-10-16T00:00:00Z,11511.039037037037
2020-10-16T01:00:00Z,11515.862111111112
2020-10-16T02:00:00Z,11525.729222222222
2020-10-16T03:00:00Z,11530.029703703703
2020-10-16T04:00:00Z,11456.705296296297
2020-10-16T05:00:00Z,11375.154148148149
2020-10-16T06:00:00Z,11309.6237037037
2020-10-16T07:00:00Z,11277.596925925927
2020-10-16T08:00:00Z,11273.01848148148
2020-10-16T09:00:00Z,11260.46603703704
2020-10-16T10:00:00Z,11262.460925925925
2020-10-16T11:00:00Z,11293.428814814819
2020-10-16T12:00:00Z,11337.676000000001
2020-10-16T13:00:00Z,11370.282814814816
2020-10-16T14:00:00Z,11375.390370370369
2020-10-16T15:00:00Z,11362.616851851848
2020-10-16T16:00:00Z,11350.852370370369
2020-10-16T17:00:00Z,11344.105000000001
2020-10-16T18:00:00Z,11351.642703703707
2020-10-16T19:00:00Z,11347.432148148151
2020-10-16T20:00:00Z,11337.139000000001
2020-10-16T21:00:00Z,11331.962444444443
2020-10-16T22:00:00Z,11336.964555555556
2020-10-16T23:00:00Z,11339.919518518522
2020-10-17T00:00:00Z,11331.308925925929
2020-10-17T01:00:00Z,11326.101148148153
2020-10-17T02:00:00Z,11330.362888888887
2020-10-17T03:00:00Z,11347.795555555555
2020-10-17T04:00:00Z,11361.842444444444
2020-10-17T05:00:00Z,11368.804185185189
2020-10-17T06:00:00Z,11367.610814814818
2020-10-17T07:00:00Z,11362.291037037037
2020-10-17T08:00:00Z,11348.67888888889
2020-10-17T09:00:00Z,11338.85066666667
2020-10-17T10:00:00Z,11338.195370370371
2020-10-17T11:00:00Z,11342.489370370371
2020-10-17T12:00:00Z,11349.496259259258
2020-10-17T13:00:00Z,11346.498074074078
2020-10-17T14:00:00Z,11348.413851851852
2020-10-17T15:00:00Z,11348.085037037037
2020-10-17T16:00:00Z,11343.662962962962
2020-10-17T17:00:00Z,11341.772296296294
2020-10-17T18:00:00Z,11343.460296296296
2020-10-17T19:00:00Z,11346.443777777778
2020-10-17T20:00:00Z,11350.668925925924
2020-10-17T21:00:00Z,11351.840185185183
2020-10-17T22:00:00Z,11350.75625925926
2020-10-17T23:00:00Z,11355.218333333332
2020-10-18T00:00:00Z,11364.913111111115
2020-10-18T01:00:00Z,11382.918740740743
2020-10-18T02:00:00Z,11395.612037037035
2020-10-18T03:00:00Z,11398.22474074074
2020-10-18T04:00:00Z,11393.14122222222
2020-10-18T05:00:00Z,11392.115333333335
2020-10-18T06:00:00Z,11412.36762962963
2020-10-18T07:00:00Z,11441.71214814815
2020-10-18T08:00:00Z,11461.079296296297
2020-10-18T09:00:00Z,11455.511740740743
2020-10-18T10:00:00Z,11441.853518518517
2020-10-18T11:00:00Z,11429.968777777778
2020-10-18T12:00:00Z,11423.443814814817
2020-10-18T13:00:00Z,11428.902185185187
2020-10-18T14:00:00Z,11436.916
2020-10-18T15:00:00Z,11449.141481481483
2020-10-18T16:00:00Z,11462.000074074074
2020-10-18T17:00:00Z,11472.396740740742
2020-10-18T18:00:00Z,11472.574592592593
2020-10-18T19:00:00Z,11463.840370370372
2020-10-18T20:00:00Z,11452.855333333331
2020-10-18T21:00:00Z,11449.915962962963
2020-10-18T22:00:00Z,11454.793
2020-10-18T23:00:00Z,11476.788740740742
2020-10-19T00:00:00Z,11490.742333333337
2020-10-19T01:00:00Z,11491.200000000003
2020-10-19T02:00:00Z,11481.555296296297
2020-10-19T03:00:00Z,11457.700666666666
2020-10-19T04:00:00Z,11440.515185185184
2020-10-19T05:00:00Z,11431.646962962963
2020-10-19T06:00:00Z,11434.293074074076
2020-10-19T07:00:00Z,11445.393666666665
2020-10-19T08:00:00Z,11458.092370370368
2020-10-19T09:00:00Z,11474.10988888889
2020-10-19T10:00:00Z,11486.515629629632
2020-10-19T11:00:00Z,11492.288666666669
2020-10-19T12:00:00Z,11504.156444444445
2020-10-19T13:00:00Z,11555.800777777777
2020-10-19T14:00:00Z,11624.18640740741
2020-10-19T15:00:00Z,11726.82525925926
2020-10-19T16:00:00Z,11803.144407407408
2020-10-19T17:00:00Z,11827.50048148148
2020-10-19T18:00:00Z,11793.532925925925
2020-10-19T19:00:00Z,11741.600888888888
2020-10-19T20:00:00Z,11713.29662962963
2020-10-19T21:00:00Z,11717.79825925926
2020-10-19T22:00:00Z,11734.86759259259
2020-10-19T23:00:00Z,11753.357925925926
2020-10-20T00:00:00Z,11756.37374074074
2020-10-20T01:00:00Z,11739.897444444445
2020-10-20T02:00:00Z,11725.576703703702
2020-10-20T03:00:00Z,11724.04788888889
2020-10-20T04:00:00Z,11727.589481481482
2020-10-20T05:00:00Z,11742.245333333334
2020-10-20T06:00:00Z,11765.693925925929
2020-10-20T07:00:00Z,11773.895814814814
2020-10-20T08:00:00Z,11771.589962962962
2020-10-20T09:00:00Z,11775.195
2020-10-20T10:00:00Z,11799.149074074076
2020-10-20T11:00:00Z,11812.118074074073
2020-10-20T12:00:00Z,11843.04537037037
2020-10-20T13:00:00Z,11888.72151851852
2020-10-20T14:00:00Z,11931.607000000002
2020-10-20T15:00:00Z,11961.909814814819
2020-10-20T16:00:00Z,11982.96037037037
2020-10-20T17:00:00Z,11993.455333333333
2020-10-20T18:00:00Z,11997.04774074074
2020-10-20T19:00:00Z,11983.616481481478
2020-10-20T21:00:00Z,11960.486444444445
2020-10-20T22:00:00Z,11949.630740740738
2020-10-20T23:00:00Z,11938.40311111111
2020-10-21T00:00:00Z,11951.554333333333
2020-10-21T01:00:00Z,11976.517592592594
2020-10-21T02:00:00Z,12040.81740740741
2020-10-21T03:00:00Z,12130.095703703706
2020-10-21T04:00:00Z,12234.621
2020-10-21T05:00:00Z,12303.622259259258
2020-10-21T06:00:00Z,12326.107666666669
2020-10-21T07:00:00Z,12300.738777777779
2020-10-21T08:00:00Z,12243.866740740743
2020-10-21T09:00:00Z,12203.276851851851
2020-10-21T10:00:00Z,12191.563333333334
2020-10-21T11:00:00Z,12237.748407407407
2020-10-21T12:00:00Z,12328.063185185185
2020-10-21T13:00:00Z,12435.775555555556
2020-10-21T14:00:00Z,12594.329444444445
2020-10-21T15:00:00Z,12740.068999999998
2020-10-21T16:00:00Z,12864.45662962963
2020-10-21T17:00:00Z,12916.245888888889
2020-10-21T18:00:00Z,12908.119925925925
2020-10-21T19:00:00Z,12845.01748148148
2020-10-21T20:00:00Z,12818.551814814813
2020-10-21T21:00:00Z,12850.92296296296
2020-10-21T22:00:00Z,13001.412925925926
2020-10-21T23:00:00Z,13047.806962962963
2020-10-22T00:00:00Z,13034.483185185187
2020-10-22T01:00:00Z,12962.011222222223
2020-10-22T02:00:00Z,12875.006074074076
2020-10-22T03:00:00Z,12794.12022222222
2020-10-22T04:00:00Z,12737.114444444445
2020-10-22T05:00:00Z,12716.358518518517
2020-10-22T06:00:00Z,12737.434148148148
2020-10-22T07:00:00Z,12761.62188888889
2020-10-22T08:00:00Z,12789.571888888893
2020-10-22T09:00:00Z,12829.085666666668
2020-10-22T10:00:00Z,12894.898962962965
2020-10-22T11:00:00Z,12963.28788888889
2020-10-22T12:00:00Z,12976.274444444445
2020-10-22T13:00:00Z,12970.836888888889
2020-10-22T14:00:00Z,12956.313111111109
2020-10-22T15:00:00Z,12952.395629629626
2020-10-22T16:00:00Z,12989.64396296296
2020-10-22T17:00:00Z,13040.491407407406
2020-10-22T18:00:00Z,13082.606925925926
2020-10-22T19:00:00Z,13110.783185185186
2020-10-22T20:00:00Z,13130.686666666666
2020-10-22T21:00:00Z,13152.023814814815
2020-10-22T22:00:00Z,13130.996444444443
2020-10-22T23:00:00Z,13075.37025925926
2020-10-23T00:00:00Z,12994.250037037034
2020-10-23T01:00:00Z,12924.905296296294
2020-10-23T02:00:00Z,12911.88
2020-10-23T03:00:00Z,12928.899444444445
2020-10-23T04:00:00Z,12943.080296296297
2020-10-23T05:00:00Z,12962.715222222221
2020-10-23T06:00:00Z,12947.029481481484
2020-10-23T07:00:00Z,12919.475481481486
2020-10-23T08:00:00Z,12902.52466666667
2020-10-23T09:00:00Z,12908.243814814816
2020-10-23T10:00:00Z,12950.421074074073
2020-10-23T11:00:00Z,12985.298777777774
2020-10-23T12:00:00Z,13004.34625925926
2020-10-23T13:00:00Z,12997.73111111111
2020-10-23T14:00:00Z,12976.12474074074
2020-10-23T15:00:00Z,12950.770444444444
2020-10-23T16:00:00Z,12889.719185185184
2020-10-23T17:00:00Z,12823.827185185184
2020-10-23T18:00:00Z,12793.581185185185
2020-10-23T19:00:00Z,12820.30985185185
2020-10-23T20:00:00Z,12879.378518518517
2020-10-23T21:00:00Z,12926.62548148148
2020-10-23T22:00:00Z,12955.58703703704
2020-10-23T23:00:00Z,12962.035555555558
2020-10-24T00:00:00Z,12954.251111111114
2020-10-24T01:00:00Z,12957.222888888891
2020-10-24T02:00:00Z,12973.47977777778
2020-10-24T03:00:00Z,12990.432962962963
2020-10-24T04:00:00Z,12999.563925925924
2020-10-24T05:00:00Z,12997.618444444444
2020-10-24T06:00:00Z,12986.468444444443
2020-10-24T07:00:00Z,12966.751481481484
2020-10-24T08:00:00Z,12948.701777777775
2020-10-24T09:00:00Z,12942.53874074074
2020-10-24T10:00:00Z,12955.015444444443
2020-10-24T11:00:00Z,12980.414518518519
2020-10-24T12:00:00Z,13000.396518518517
2020-10-24T13:00:00Z,13011.128333333332
2020-10-24T14:00:00Z,13037.648296296296
2020-10-24T15:00:00Z,13078.464518518516
2020-10-24T16:00:00Z,13112.474185185187
2020-10-24T17:00:00Z,13143.430074074073
2020-10-24T18:00:00Z,13153.28137037037
2020-10-24T19:00:00Z,13156.131074074074
2020-10-24T20:00:00Z,13146.946481481486
2020-10-24T21:00:00Z,13124.096407407409
2020-10-24T22:00:00Z,13099.502814814818
2020-10-24T23:00:00Z,13093.541407407407
2020-10-25T00:00:00Z,13109.614777777779
2020-10-25T01:00:00Z,13135.682037037039
2020-10-25T02:00:00Z,13153.668851851851
2020-10-25T03:00:00Z,13208.678333333335
2020-10-25T04:00:00Z,13277.382814814815
2020-10-25T05:00:00Z,13233.133518518518
2020-10-25T06:00:00Z,13138.189333333334
2020-10-25T07:00:00Z,13039.673925925925
2020-10-25T08:00:00Z,12986.517555555552
2020-10-25T09:00:00Z,12973.212333333335
2020-10-25T10:00:00Z,12972.37625925926
2020-10-25T11:00:00Z,12966.004814814814
2020-10-25T12:00:00Z,12963.775555555554
2020-10-25T13:00:00Z,12970.905814814818
2020-10-25T14:00:00Z,12982.640296296298
2020-10-25T15:00:00Z,12981.347074074074
2020-10-25T16:00:00Z,12987.15733333333
2020-10-25T17:00:00Z,12998.29974074074
2020-10-25T18:00:00Z,13007.156962962961
2020-10-25T19:00:00Z,13028.747518518518
2020-10-25T20:00:00Z,13042.508518518516
2020-10-25T21:00:00Z,13052.319518518518
2020-10-25T22:00:00Z,13048.893851851853
2020-10-25T23:00:00Z,13045.05462962963
2020-10-26T00:00:00Z,13049.441777777778
2020-10-26T01:00:00Z,13063.97585185185
2020-10-26T02:00:00Z,13085.193
2020-10-26T03:00:00Z,13105.32559259259
2020-10-26T04:00:00Z,13122.040703703702
2020-10-26T05:00:00Z,13128.773666666666
2020-10-26T06:00:00Z,13119.90914814815
2020-10-26T07:00:00Z,13090.14662962963
2020-10-26T08:00:00Z,13063.418296296297
2020-10-26T09:00:00Z,13058.157703703704
2020-10-26T10:00:00Z,13075.666518518521
2020-10-26T11:00:00Z,13111.501222222223
2020-10-26T12:00:00Z,13144.082148148149
2020-10-26T13:00:00Z,13184.988925925927
2020-10-26T14:00:00Z,13209.55648148148
2020-10-26T15:00:00Z,13158.195296296291
2020-10-26T16:00:00Z,13031.824925925923
2020-10-26T17:00:00Z,12903.730148148148
2020-10-26T18:00:00Z,12850.284592592592
2020-10-26T19:00:00Z,12879.725370370368
2020-10-26T20:00:00Z,12944.818407407409
2020-10-26T21:00:00Z,13005.983148148147
2020-10-26T22:00:00Z,13049.587814814813
2020-10-26T23:00:00Z,13076.521148148147
2020-10-27T00:00:00Z,13099.263111111111
2020-10-27T01:00:00Z,13113.701962962963
2020-10-27T02:00:00Z,13114.553296296295
2020-10-27T03:00:00Z,13110.54262962963
2020-10-27T04:00:00Z,13116.536666666667
2020-10-27T05:00:00Z,13117.538037037035
2020-10-27T06:00:00Z,13118.155481481483
2020-10-27T07:00:00Z,13129.202777777778
2020-10-27T08:00:00Z,13144.092518518519
2020-10-27T09:00:00Z,13157.25911111111
2020-10-27T10:00:00Z,13198.887259259258
2020-10-27T11:00:00Z,13302.308370370369
2020-10-27T12:00:00Z,13400.404407407406
2020-10-27T13:00:00Z,13465.779592592595
2020-10-27T14:00:00Z,13481.94662962963
2020-10-27T15:00:00Z,13530.114518518521
2020-10-27T16:00:00Z,13609.28848148148
2020-10-27T17:00:00Z,13699.830851851853
2020-10-27T18:00:00Z,13746.178814814813
2020-10-27T19:00:00Z,13749.98888888889
2020-10-27T20:00:00Z,13714.716592592593
2020-10-27T21:00:00Z,13697.15311111111
2020-10-27T22:00:00Z,13706.535555555558
2020-10-27T23:00:00Z,13717.735444444445
2020-10-28T00:00:00Z,13730.369962962965
2020-10-28T01:00:00Z,13734.261037037038
2020-10-28T02:00:00Z,13772.046481481482
2020-10-28T03:00:00Z,13803.908629629628
2020-10-28T04:00:00Z,13812.10614814815
2020-10-28T05:00:00Z,13790.642555555554
2020-10-28T06:00:00Z,13752.606407407407
2020-10-28T07:00:00Z,13708.089888888886
2020-10-28T08:00:00Z,13679.326814814814
2020-10-28T09:00:00Z,13644.160259259259
2020-10-28T10:00:00Z,13599.281703703702
2020-10-28T11:00:00Z,13487.483
2020-10-28T12:00:00Z,13355.460000000001
2020-10-28T13:00:00Z,13197.131259259259
2020-10-28T14:00:00Z,13062.695925925926
2020-10-28T15:00:00Z,13029.113518518518
2020-10-28T16:00:00Z,13046.297851851852
2020-10-28T17:00:00Z,13101.974222222221
2020-10-28T18:00:00Z,13160.443814814817
2020-10-28T19:00:00Z,13190.671407407406
2020-10-28T20:00:00Z,13208.669074074074
2020-10-28T21:00:00Z,13214.000925925924
2020-10-28T22:00:00Z,13233.260962962964
2020-10-28T23:00:00Z,13260.778074074076
2020-10-29T00:00:00Z,13279.100333333334
2020-10-29T01:00:00Z,13293.255111111112
2020-10-29T02:00:00Z,13285.705962962964
2020-10-29T03:00:00Z,13281.416259259262
2020-10-29T04:00:00Z,13268.71762962963
2020-10-29T05:00:00Z,13270.08937037037
2020-10-29T06:00:00Z,13276.570592592589
2020-10-29T07:00:00Z,13241.527148148147
2020-10-29T08:00:00Z,13184.861296296294
2020-10-29T09:00:00Z,13149.670481481482
2020-10-29T10:00:00Z,13118.800074074074
2020-10-29T11:00:00Z,13086.374296296295
2020-10-29T12:00:00Z,13079.555814814814
2020-10-29T13:00:00Z,13121.309222222219
2020-10-29T14:00:00Z,13246.522370370369
2020-10-29T15:00:00Z,13387.866592592594
2020-10-29T16:00:00Z,13525.22625925926
2020-10-29T17:00:00Z,13623.32422222222
2020-10-29T18:00:00Z,13665.02537037037
2020-10-29T19:00:00Z,13643.104518518516
2020-10-29T20:00:00Z,13584.598703703705
2020-10-29T21:00:00Z,13536.804851851855
2020-10-29T22:00:00Z,13480.067407407407
2020-10-29T23:00:00Z,13447.395333333334
2020-10-30T00:00:00Z,13472.662592592593
2020-10-30T01:00:00Z,13523.161518518516
2020-10-30T02:00:00Z,13541.281259259258
2020-10-30T03:00:00Z,13516.19933333333
2020-10-30T04:00:00Z,13467.73733333333
2020-10-30T05:00:00Z,13353.045592592593
2020-10-30T06:00:00Z,13241.952333333335
2020-10-30T07:00:00Z,13162.749296296299
2020-10-30T08:00:00Z,13144.650777777779
2020-10-30T09:00:00Z,13182.757629629627
2020-10-30T10:00:00Z,13241.432296296296
2020-10-30T11:00:00Z,13307.724444444446
2020-10-30T12:00:00Z,13350.784814814813
2020-10-30T13:00:00Z,13350.855333333331
2020-10-30T14:00:00Z,13351.474481481479
2020-10-30T15:00:00Z,13414.219000000003
2020-10-30T16:00:00Z,13499.488629629632
2020-10-30T17:00:00Z,13570.709777777776
2020-10-30T18:00:00Z,13601.154074074075
2020-10-30T19:00:00Z,13599.472185185185
2020-10-30T20:00:00Z,13613.554888888888
2020-10-30T21:00:00Z,13614.987703703702
2020-10-30T22:00:00Z,13608.239185185184
2020-10-30T23:00:00Z,13593.031037037035
2020-10-31T00:00:00Z,13594.825814814814
2020-10-31T01:00:00Z,13615.90811111111
2020-10-31T02:00:00Z,13633.958962962963
2020-10-31T03:00:00Z,13606.63888888889
2020-10-31T04:00:00Z,13560.988333333335
2020-10-31T05:00:00Z,13509.539074074077
2020-10-31T06:00:00Z,13515.544777777779
2020-10-31T07:00:00Z,13545.925222222222
2020-10-31T08:00:00Z,13627.906407407407
2020-10-31T09:00:00Z,13757.565000000002
2020-10-31T10:00:00Z,13857.194370370373
2020-10-31T11:00:00Z,13945.112592592594
2020-10-31T12:00:00Z,13975.817518518517
2020-10-31T13:00:00Z,13964.453555555554
2020-10-31T14:00:00Z,13917.49211111111
2020-10-31T15:00:00Z,13877.04074074074
2020-10-31T16:00:00Z,13846.60522222222
2020-10-31T17:00:00Z,13818.742148148149
2020-10-31T18:00:00Z,13778.29337037037
2020-10-31T19:00:00Z,13757.244666666666
2020-10-31T20:00:00Z,13772.719740740742
2020-10-31T21:00:00Z,13810.783925925925
2020-10-31T22:00:00Z,13857.006925925925
2020-10-31T23:00:00Z,13865.435185185184
2020-11-01T00:00:00Z,13828.290296296298
2020-11-01T01:00:00Z,13784.97588888889
2020-11-01T02:00:00Z,13741.518074074076
2020-11-01T03:00:00Z,13707.639592592592
2020-11-01T04:00:00Z,13683.175888888889
2020-11-01T05:00:00Z,13675.343962962967
2020-11-01T06:00:00Z,13686.961481481483
2020-11-01T07:00:00Z,13730.14114814815
2020-11-01T08:00:00Z,13766.563259259265
2020-11-01T09:00:00Z,13764.5372962963
2020-11-01T10:00:00Z,13750.03748148148
2020-11-01T11:00:00Z,13727.125666666665
2020-11-01T12:00:00Z,13731.187407407408
2020-11-01T13:00:00Z,13759.556555555557
2020-11-01T14:00:00Z,13793.849888888886
2020-11-01T15:00:00Z,13820.718370370369
2020-11-01T16:00:00Z,13832.35744444444
2020-11-01T17:00:00Z,13834.882481481478
2020-11-01T18:00:00Z,13828.049592592593
2020-11-01T19:00:00Z,13817.37455555556
2020-11-01T20:00:00Z,13815.81251851852
2020-11-01T21:00:00Z,13819.174037037039
2020-11-01T22:00:00Z,13790.295407407408
2020-11-01T23:00:00Z,13765.055037037035
2020-11-02T00:00:00Z,13762.588555555552
2020-11-02T01:00:00Z,13765.900296296299
2020-11-02T02:00:00Z,13761.525777777779
2020-11-02T03:00:00Z,13737.633185185186
2020-11-02T04:00:00Z,13711.507370370373
2020-11-02T05:00:00Z,13692.374407407411
2020-11-02T06:00:00Z,13699.081703703705
2020-11-02T07:00:00Z,13718.992148148149
2020-11-02T08:00:00Z,13654.750703703705
2020-11-02T09:00:00Z,13587.998185185186
2020-11-02T10:00:00Z,13513.84662962963
2020-11-02T11:00:00Z,13446.042148148146
2020-11-02T12:00:00Z,13366.492370370368
2020-11-02T13:00:00Z,13322.437370370368
2020-11-02T14:00:00Z,13340.963148148147
2020-11-02T15:00:00Z,13406.133518518516
2020-11-02T16:00:00Z,13482.346
2020-11-02T17:00:00Z,13531.282
2020-11-02T18:00:00Z,13535.157259259262
2020-11-02T19:00:00Z,13542.128925925927
2020-11-02T20:00:00Z,13587.646999999999
2020-11-02T21:00:00Z,13632.64425925926
2020-11-02T22:00:00Z,13652.465555555556
2020-11-02T23:00:00Z,13633.497074074074
2020-11-03T00:00:00Z,13590.66285185185
2020-11-03T01:00:00Z,13572.108037037038
2020-11-03T02:00:00Z,13525.747703703702
2020-11-03T03:00:00Z,13463.032370370367
2020-11-03T04:00:00Z,13408.219518518517
2020-11-03T05:00:00Z,13364.341777777778
2020-11-03T06:00:00Z,13360.309888888887
2020-11-03T07:00:00Z,13383.839
2020-11-03T08:00:00Z,13437.933555555557
2020-11-03T09:00:00Z,13507.244962962965
2020-11-03T10:00:00Z,13561.280555555559
2020-11-03T11:00:00Z,13582.850740740743
2020-11-03T12:00:00Z,13574.320481481482
2020-11-03T13:00:00Z,13606.770962962963
2020-11-03T14:00:00Z,13689.174925925923
2020-11-03T15:00:00Z,13759.300888888887
2020-11-03T16:00:00Z,13794.072925925924
2020-11-03T17:00:00Z,13793.982407407408
2020-11-03T18:00:00Z,13781.040962962963
2020-11-03T19:00:00Z,13763.863925925927
2020-11-03T20:00:00Z,13751.738370370373
2020-11-03T21:00:00Z,13743.345037037036
2020-11-03T22:00:00Z,13770.917962962965
2020-11-03T23:00:00Z,13871.189518518522
2020-11-04T00:00:00Z,13920.29225925926
2020-11-04T01:00:00Z,13920.982074074076
2020-11-04T02:00:00Z,13861.434185185186
2020-11-04T03:00:00Z,13838.373814814817
2020-11-04T04:00:00Z,13854.730333333333
2020-11-04T05:00:00Z,13859.262814814814
2020-11-04T06:00:00Z,13846.94685185185
2020-11-04T07:00:00Z,13758.735518518517
2020-11-04T08:00:00Z,13670.337925925924
2020-11-04T09:00:00Z,13613.239888888887
2020-11-04T10:00:00Z,13609.918111111112
2020-11-04T11:00:00Z,13649.513370370374
2020-11-04T12:00:00Z,13727.995851851852
2020-11-04T13:00:00Z,13809.094407407407
2020-11-04T14:00:00Z,13866.182666666668
2020-11-04T15:00:00Z,13914.628444444446
2020-11-04T16:00:00Z,13980.040296296298
2020-11-04T17:00:00Z,14056.416666666666
2020-11-04T18:00:00Z,14122.203666666668
2020-11-04T19:00:00Z,14163.160074074074
2020-11-04T20:00:00Z,14154.23851851852
2020-11-04T21:00:00Z,14107.838851851853
2020-11-04T22:00:00Z,14095.436481481483
2020-11-04T23:00:00Z,14115.035074074074
2020-11-05T00:00:00Z,14138.578407407409
2020-11-05T01:00:00Z,14159.840962962962
2020-11-05T02:00:00Z,14197.193777777778
2020-11-05T03:00:00Z,14260.706814814816
2020-11-05T04:00:00Z,14319.035925925928
2020-11-05T05:00:00Z,14359.333925925925
2020-11-05T06:00:00Z,14377.883703703706
2020-11-05T07:00:00Z,14426.87937037037
2020-11-05T08:00:00Z,14471.833777777778
2020-11-05T09:00:00Z,14506.768185185187
2020-11-05T10:00:00Z,14573.96125925926
2020-11-05T11:00:00Z,14664.257407407407
2020-11-05T12:00:00Z,14794.814962962962
2020-11-05T13:00:00Z,14890.465814814816
2020-11-05T14:00:00Z,14956.496592592592
2020-11-05T15:00:00Z,15041.400074074074
2020-11-05T16:00:00Z,15139.97948148148
2020-11-05T17:00:00Z,15188.198111111109
2020-11-05T18:00:00Z,15151.23022222222
2020-11-05T19:00:00Z,15121.159851851853
2020-11-05T20:00:00Z,15100.046444444442
2020-11-05T21:00:00Z,15146.923925925925
2020-11-05T22:00:00Z,15311.28488888889
2020-11-05T23:00:00Z,15509.051777777777
2020-11-06T00:00:00Z,15749.064222222221
2020-11-06T01:00:00Z,15900.100629629627
2020-11-06T02:00:00Z,15918.984888888886
2020-11-06T03:00:00Z,15779.68074074074
2020-11-06T04:00:00Z,15629.511407407406
2020-11-06T05:00:00Z,15558.486037037037
2020-11-06T06:00:00Z,15581.86062962963
2020-11-06T07:00:00Z,15667.688740740741
2020-11-06T08:00:00Z,15666.903407407408
2020-11-06T09:00:00Z,15584.100481481482
2020-11-06T10:00:00Z,15527.108444444442
2020-11-06T11:00:00Z,15513.702185185184
2020-11-06T12:00:00Z,15505.507037037038
2020-11-06T13:00:00Z,15555.23462962963
2020-11-06T14:00:00Z,15555.383111111112
2020-11-06T15:00:00Z,15515.061444444445
2020-11-06T16:00:00Z,15484.306592592591
2020-11-06T17:00:00Z,15462.786666666667
2020-11-06T18:00:00Z,15462.665555555555
2020-11-06T19:00:00Z,15461.56025925926
2020-11-06T20:00:00Z,15469.35911111111
2020-11-06T21:00:00Z,15496.667555555554
2020-11-06T22:00:00Z,15548.523111111108
2020-11-06T23:00:00Z,15597.228185185182
2020-11-07T00:00:00Z,15636.756222222224
2020-11-07T01:00:00Z,15678.56125925926
2020-11-07T02:00:00Z,15679.924555555559
2020-11-07T03:00:00Z,15648.031666666668
2020-11-07T04:00:00Z,15592.793962962964
2020-11-07T05:00:00Z,15556.282481481483
2020-11-07T06:00:00Z,15539.853555555557
2020-11-07T07:00:00Z,15513.278518518518
2020-11-07T08:00:00Z,15496.85874074074
2020-11-07T09:00:00Z,15483.37625925926
2020-11-07T10:00:00Z,15503.083037037037
2020-11-07T11:00:00Z,15525.51951851852
2020-11-07T12:00:00Z,15539.439333333334
2020-11-07T13:00:00Z,15539.950518518519
2020-11-07T14:00:00Z,15469.682999999999
2020-11-07T15:00:00Z,15389.333814814818
2020-11-07T16:00:00Z,15334.052185185183
2020-11-07T17:00:00Z,15275.782851851849
2020-11-07T18:00:00Z,15140.00944444444
2020-11-07T19:00:00Z,14895.740555555552
2020-11-07T20:00:00Z,14723.573962962962
2020-11-07T21:00:00Z,14652.844333333334
2020-11-07T22:00:00Z,14676.215777777777
2020-11-07T23:00:00Z,14735.432037037035
2020-11-08T00:00:00Z,14809.604259259258
2020-11-08T01:00:00Z,14923.00325925926
2020-11-08T02:00:00Z,15020.26466666667
2020-11-08T03:00:00Z,15064.574407407408
2020-11-08T04:00:00Z,15063.026481481482
2020-11-08T05:00:00Z,15061.42811111111
2020-11-08T06:00:00Z,15057.223814814812
2020-11-08T07:00:00Z,15030.42359259259
2020-11-08T08:00:00Z,15001.747999999998
2020-11-08T09:00:00Z,14994.131333333333
2020-11-08T10:00:00Z,15051.581222222225
2020-11-08T11:00:00Z,15134.127703703707
2020-11-08T12:00:00Z,15226.802074074074
2020-11-08T13:00:00Z,15278.350333333334
2020-11-08T14:00:00Z,15328.450592592591
2020-11-08T15:00:00Z,15373.225703703703
2020-11-08T16:00:00Z,15417.28251851852
2020-11-08T17:00:00Z,15502.345481481481
2020-11-08T18:00:00Z,15573.10348148148
2020-11-08T19:00:00Z,15557.570629629627
2020-11-08T20:00:00Z,15493.480962962962
2020-11-08T21:00:00Z,15405.033148148148
2020-11-08T22:00:00Z,15393.786444444448
2020-11-08T23:00:00Z,15426.97003703704
2020-11-09T00:00:00Z,15497.437925925924
2020-11-09T01:00:00Z,15551.33140740741
2020-11-09T02:00:00Z,15559.32148148148
2020-11-09T03:00:00Z,15529.620037037035
2020-11-09T04:00:00Z,15467.869555555553
2020-11-09T05:00:00Z,15437.394703703701
2020-11-09T06:00:00Z,15411.673851851852
2020-11-09T07:00:00Z,15374.86985185185
2020-11-09T08:00:00Z,15361.375962962962
2020-11-09T09:00:00Z,15368.926925925925
2020-11-09T10:00:00Z,15412.36774074074
2020-11-09T11:00:00Z,15559.500592592594
2020-11-09T12:00:00Z,15657.018888888893
2020-11-09T13:00:00Z,15607.726666666671
2020-11-09T14:00:00Z,15404.263777777778
2020-11-09T15:00:00Z,15145.255999999996
2020-11-09T16:00:00Z,14988.136259259256
2020-11-09T17:00:00Z,14986.440481481479
2020-11-09T18:00:00Z,15104.69222222222
2020-11-09T19:00:00Z,15256.199148148145
2020-11-09T20:00:00Z,15374.52148148148
2020-11-09T21:00:00Z,15436.856666666667
2020-11-09T22:00:00Z,15412.343555555555
2020-11-09T23:00:00Z,15372.303444444444
2020-11-10T00:00:00Z,15332.098333333333
2020-11-10T01:00:00Z,15337.08788888889
2020-11-10T02:00:00Z,15353.153296296296
2020-11-10T03:00:00Z,15364.072962962962
2020-11-10T04:00:00Z,15379.284777777777
2020-11-10T05:00:00Z,15386.071037037036
2020-11-10T06:00:00Z,15364.809888888893
2020-11-10T07:00:00Z,15327.926111111112
2020-11-10T08:00:00Z,15320.90903703704
2020-11-10T09:00:00Z,15345.201333333336
2020-11-10T10:00:00Z,15362.727555555559
2020-11-10T11:00:00Z,15353.094703703704
2020-11-10T12:00:00Z,15327.733222222223
2020-11-10T13:00:00Z,15311.712629629628
2020-11-10T14:00:00Z,15284.593333333329
2020-11-10T15:00:00Z,15238.497296296293
2020-11-10T16:00:00Z,15213.529555555557
2020-11-10T17:00:00Z,15231.013148148151
2020-11-10T18:00:00Z,15263.776296296297
2020-11-10T19:00:00Z,15300.436666666668
2020-11-10T20:00:00Z,15315.395962962966
2020-11-10T21:00:00Z,15342.616888888888
2020-11-10T22:00:00Z,15371.598259259257
2020-11-10T23:00:00Z,15375.036259259257
2020-11-11T00:00:00Z,15406.816296296294
2020-11-11T01:00:00Z,15440.729777777779
2020-11-11T02:00:00Z,15456.533333333335
2020-11-11T03:00:00Z,15454.536296296297
2020-11-11T04:00:00Z,15430.393259259261
2020-11-11T05:00:00Z,15404.380592592594
2020-11-11T06:00:00Z,15382.84759259259
2020-11-11T07:00:00Z,15383.284555555554
2020-11-11T08:00:00Z,15394.248
2020-11-11T09:00:00Z,15417.691962962963
2020-11-11T10:00:00Z,15486.126333333334
2020-11-11T11:00:00Z,15560.426333333335
2020-11-11T12:00:00Z,15631.783666666668
2020-11-11T13:00:00Z,15655.413074074078
2020-11-11T14:00:00Z,15665.903962962962
2020-11-11T15:00:00Z,15681.068185185184
2020-11-11T16:00:00Z,15728.104185185182
2020-11-11T17:00:00Z,15814.669555555554
2020-11-11T18:00:00Z,15876.413
2020-11-11T19:00:00Z,15900.424888888889
2020-11-11T20:00:00Z,15860.377000000002
2020-11-11T21:00:00Z,15828.49244444445
2020-11-11T22:00:00Z,15806.81107407408
2020-11-11T23:00:00Z,15772.328148148152
2020-11-12T00:00:00Z,15711.128333333336
2020-11-12T01:00:00Z,15652.315407407406
2020-11-12T02:00:00Z,15612.663296296296
2020-11-12T03:00:00Z,15606.226185185185
2020-11-12T04:00:00Z,15625.836666666668
2020-11-12T05:00:00Z,15676.758296296293
2020-11-12T06:00:00Z,15746.90311111111
2020-11-12T07:00:00Z,15830.194074074077
2020-11-12T08:00:00Z,15873.064518518519
2020-11-12T09:00:00Z,15950.928851851853
2020-11-12T10:00:00Z,15931.118592592591
2020-11-12T11:00:00Z,15877.187333333333
2020-11-12T12:00:00Z,15850.172074074073
2020-11-12T13:00:00Z,15888.124925925926
2020-11-12T14:00:00Z,15965.527444444446
2020-11-12T15:00:00Z,16072.668851851851
2020-11-12T16:00:00Z,16160.590555555556
2020-11-12T17:00:00Z,16155.579111111112
2020-11-12T18:00:00Z,16139.07922222222
2020-11-12T19:00:00Z,16111.666481481481
2020-11-12T20:00:00Z,16120.683814814818
2020-11-12T21:00:00Z,16149.476074074075
2020-11-12T22:00:00Z,16197.615148148145
2020-11-12T23:00:00Z,16262.400962962964
2020-11-13T00:00:00Z,16348.092074074075
2020-11-13T01:00:00Z,16434.667444444447
2020-11-13T02:00:00Z,16484.57211111111
2020-11-13T03:00:00Z,16504.053296296293
2020-11-13T04:00:00Z,16489.10896296296
2020-11-13T05:00:00Z,16410.646592592588
2020-11-13T06:00:00Z,16338.465925925926
2020-11-13T07:00:00Z,16276.314518518522
2020-11-13T08:00:00Z,16246.839703703707
2020-11-13T09:00:00Z,16260.336333333335
2020-11-13T10:00:00Z,16255.076148148148
2020-11-13T11:00:00Z,16243.862370370372
2020-11-13T12:00:00Z,16233.722999999998
2020-11-13T13:00:00Z,16230.165666666662
2020-11-13T14:00:00Z,16228.763888888889
2020-11-13T15:00:00Z,16193.465333333335
2020-11-13T16:00:00Z,16169.821518518518
2020-11-13T17:00:00Z,16181.843962962963
2020-11-13T18:00:00Z,16217.78451851852
2020-11-13T19:00:00Z,16268.056555555557
2020-11-13T20:00:00Z,16279.613962962967
2020-11-13T21:00:00Z,16286.3322962963
2020-11-13T22:00:00Z,16300.832185185187
2020-11-13T23:00:00Z,16325.258851851851
2020-11-14T00:00:00Z,16337.921333333332
2020-11-14T01:00:00Z,16307.214888888891
2020-11-14T02:00:00Z,16249.134
2020-11-14T03:00:00Z,16195.36596296296
2020-11-14T04:00:00Z,16153.319444444447
2020-11-14T05:00:00Z,16139.299555555555
2020-11-14T06:00:00Z,16145.885518518517
2020-11-14T07:00:00Z,16136.06259259259
2020-11-14T08:00:00Z,16078.795592592593
2020-11-14T09:00:00Z,15953.855592592592
2020-11-14T10:00:00Z,15843.955740740741
2020-11-14T11:00:00Z,15806.919259259259
2020-11-14T12:00:00Z,15828.13540740741
2020-11-14T13:00:00Z,15879.134851851852
2020-11-14T14:00:00Z,15946.01555555556
2020-11-14T15:00:00Z,15985.479111111112
2020-11-14T16:00:00Z,15969.194851851855
2020-11-14T17:00:00Z,15938.420777777777
2020-11-14T18:00:00Z,15908.982518518518
2020-11-14T19:00:00Z,15893.926037037038
2020-11-14T20:00:00Z,15923.580592592594
2020-11-14T21:00:00Z,15968.55296296296
2020-11-14T22:00:00Z,16022.526444444442
2020-11-14T23:00:00Z,16071.77211111111
2020-11-15T00:00:00Z,16095.964444444448
2020-11-15T01:00:00Z,16080.643222222221
2020-11-15T02:00:00Z,16045.162740740738
2020-11-15T03:00:00Z,15994.481
2020-11-15T04:00:00Z,15953.098814814812
2020-11-15T05:00:00Z,15955.20081481481
2020-11-15T06:00:00Z,15994.337814814813
2020-11-15T07:00:00Z,16037.39362962963
2020-11-15T08:00:00Z,16090.850925925928
2020-11-15T09:00:00Z,16117.089888888891
2020-11-15T10:00:00Z,16099.141370370371
2020-11-15T11:00:00Z,16047.459148148148
2020-11-15T12:00:00Z,15997.450148148147
2020-11-15T13:00:00Z,15990.334925925927
2020-11-15T14:00:00Z,16015.032962962963
2020-11-15T15:00:00Z,16041.992592592593
2020-11-15T16:00:00Z,16048.417333333337
2020-11-15T17:00:00Z,16002.737518518517
2020-11-15T18:00:00Z,15945.184296296296
2020-11-15T19:00:00Z,15889.547888888888
2020-11-15T20:00:00Z,15849.386703703703
2020-11-15T21:00:00Z,15829.315555555555
2020-11-15T22:00:00Z,15849.035814814815
2020-11-15T23:00:00Z,15896.430407407408
2020-11-16T00:00:00Z,15953.39988888889
2020-11-16T01:00:00Z,15987.25362962963
2020-11-16T02:00:00Z,15990.083370370374
2020-11-16T03:00:00Z,15997.645592592593
2020-11-16T04:00:00Z,16018.139259259258
2020-11-16T05:00:00Z,16068.577296296293
2020-11-16T06:00:00Z,16157.218666666666
2020-11-16T07:00:00Z,16243.776888888888
2020-11-16T08:00:00Z,16293.010962962964
2020-11-16T09:00:00Z,16303.537407407412
2020-11-16T10:00:00Z,16335.085407407409
2020-11-16T11:00:00Z,16330.569000000001
2020-11-16T12:00:00Z,16332.220851851851
2020-11-16T13:00:00Z,16331.697814814814
2020-11-16T14:00:00Z,16357.866074074074
2020-11-16T15:00:00Z,16413.058592592595
2020-11-16T16:00:00Z,16500.22040740741
2020-11-16T17:00:00Z,16615.12325925926
2020-11-16T18:00:00Z,16715.93774074074
2020-11-16T19:00:00Z,16804.348481481484
2020-11-16T20:00:00Z,16868.34151851852
2020-11-16T21:00:00Z,16862.500407407406
2020-11-16T22:00:00Z,16819.31585185185
2020-11-16T23:00:00Z,16766.51622222222
2020-11-17T00:00:00Z,16759.37748148148
2020-11-17T01:00:00Z,16750.92907407407
2020-11-17T02:00:00Z,16733.69044444444
2020-11-17T03:00:00Z,16676.336629629626
2020-11-17T04:00:00Z,16640.35777777778
2020-11-17T05:00:00Z,16619.04174074074
2020-11-17T06:00:00Z,16615.375185185185
2020-11-17T07:00:00Z,16655.105518518514
2020-11-17T08:00:00Z,16694.48177777778
2020-11-17T09:00:00Z,16708.827148148146
2020-11-17T10:00:00Z,16734.174925925923
2020-11-17T11:00:00Z,16826.432814814816
2020-11-17T12:00:00Z,16971.51285185185
2020-11-17T13:00:00Z,17064.931481481482
2020-11-17T14:00:00Z,17151.909037037036
2020-11-17T15:00:00Z,17259.627592592587
2020-11-17T16:00:00Z,17459.329185185183
2020-11-17T17:00:00Z,17711.937148148147
2020-11-17T18:00:00Z,17857.911370370373
2020-11-17T19:00:00Z,17896.466740740743
2020-11-17T20:00:00Z,17850.826703703708
2020-11-17T21:00:00Z,17771.592592592595
2020-11-17T22:00:00Z,17695.397481481483
2020-11-17T23:00:00Z,17656.500074074076
2020-11-18T00:00:00Z,17661.585629629633
2020-11-18T01:00:00Z,17704.103333333336
2020-11-18T02:00:00Z,17733.794444444444
2020-11-18T03:00:00Z,17846.167444444443
2020-11-18T04:00:00Z,18079.520555555555
2020-11-18T05:00:00Z,18104.43703703704
2020-11-18T06:00:00Z,18019.322296296297
2020-11-18T07:00:00Z,17959.369370370372
2020-11-18T08:00:00Z,18016.63751851852
2020-11-18T09:00:00Z,18121.23277777778
2020-11-18T10:00:00Z,18233.44562962963
2020-11-18T11:00:00Z,18300.402888888886
2020-11-18T12:00:00Z,18260.99359259259
2020-11-18T13:00:00Z,18130.412111111113
2020-11-18T14:00:00Z,17915.80396296296
2020-11-18T15:00:00Z,17779.792518518516
2020-11-18T16:00:00Z,17721.316777777774
2020-11-18T17:00:00Z,17755.55214814815
2020-11-18T18:00:00Z,17784.69774074074
2020-11-18T19:00:00Z,17756.44859259259
2020-11-18T20:00:00Z,17695.467888888885
2020-11-18T21:00:00Z,17675.222666666665
2020-11-18T22:00:00Z,17714.708555555557
2020-11-18T23:00:00Z,17765.02455555556
2020-11-19T00:00:00Z,17796.320740740743
2020-11-19T01:00:00Z,17828.323666666667
2020-11-19T02:00:00Z,17880.683851851853
2020-11-19T03:00:00Z,17933.921666666665
2020-11-19T04:00:00Z,17949.692888888887
2020-11-19T05:00:00Z,17943.854444444445
2020-11-19T06:00:00Z,17885.155370370372
2020-11-19T07:00:00Z,17787.088703703703
2020-11-19T08:00:00Z,17654.023407407407
2020-11-19T09:00:00Z,17507.29192592593
2020-11-19T10:00:00Z,17454.066703703706
2020-11-19T11:00:00Z,17521.49314814815
2020-11-19T12:00:00Z,17631.68214814815
2020-11-19T13:00:00Z,17809.41603703704
2020-11-19T14:00:00Z,18004.061962962962
2020-11-19T15:00:00Z,18139.634407407404
2020-11-19T16:00:00Z,18183.609074074073
2020-11-19T17:00:00Z,18140.730925925924
2020-11-19T18:00:00Z,18058.67262962963
2020-11-19T19:00:00Z,17994.82062962963
2020-11-19T20:00:00Z,17984.30677777778
2020-11-19T21:00:00Z,17977.94955555555
2020-11-19T22:00:00Z,17948.43633333333
2020-11-19T23:00:00Z,17887.30081481481
2020-11-20T00:00:00Z,17817.144814814816
2020-11-20T01:00:00Z,17822.568037037036
2020-11-20T02:00:00Z,17877.50614814815
2020-11-20T03:00:00Z,17941.875
2020-11-20T04:00:00Z,18054.15644444444
2020-11-20T05:00:00Z,18144.323074074073
2020-11-20T06:00:00Z,18210.652888888886
2020-11-20T07:00:00Z,18251.376481481482
2020-11-20T08:00:00Z,18295.21814814815
2020-11-20T09:00:00Z,18300.726740740745
2020-11-20T10:00:00Z,18312.073703703707
2020-11-20T11:00:00Z,18313.748962962964
2020-11-20T12:00:00Z,18299.181703703704
2020-11-20T13:00:00Z,18283.290444444447
2020-11-20T14:00:00Z,18385.794444444447
2020-11-20T15:00:00Z,18550.942333333336
2020-11-20T16:00:00Z,18711.667851851853
2020-11-20T17:00:00Z,18806.762074074075
2020-11-20T18:00:00Z,18789.12762962963
2020-11-20T19:00:00Z,18732.21925925926
2020-11-20T20:00:00Z,18678.438000000006
2020-11-20T21:00:00Z,18635.34044444445
2020-11-20T22:00:00Z,18619.871
2020-11-20T23:00:00Z,18630.73696296296
2020-11-21T00:00:00Z,18717.395444444443
2020-11-21T01:00:00Z,18815.054259259257
2020-11-21T02:00:00Z,18861.468703703704
2020-11-21T03:00:00Z,18826.507888888893
2020-11-21T04:00:00Z,18727.828037037038
2020-11-21T05:00:00Z,18652.00277777778
2020-11-21T06:00:00Z,18614.362777777784
2020-11-21T07:00:00Z,18621.720962962965
2020-11-21T08:00:00Z,18684.047222222223
2020-11-21T09:00:00Z,18706.368259259263
2020-11-21T10:00:00Z,18687.96107407407
2020-11-21T11:00:00Z,18625.136444444448
2020-11-21T12:00:00Z,18592.18062962963
2020-11-21T13:00:00Z,18643.82688888889
2020-11-21T14:00:00Z,18718.36885185185
2020-11-21T15:00:00Z,18796.895
2020-11-21T16:00:00Z,18828.196333333337
2020-11-21T17:00:00Z,18825.68611111111
2020-11-21T18:00:00Z,18804.386555555553
2020-11-21T19:00:00Z,18761.779740740738
2020-11-21T20:00:00Z,18711.311999999998
2020-11-21T21:00:00Z,18669.314629629633
2020-11-21T22:00:00Z,18640.11174074074
2020-11-21T23:00:00Z,18648.725555555557
2020-11-22T00:00:00Z,18627.518851851855
2020-11-22T01:00:00Z,18565.497962962967
2020-11-22T02:00:00Z,18529.910555555558
2020-11-22T03:00:00Z,18519.942333333336
2020-11-22T04:00:00Z,18547.5654074074
2020-11-22T05:00:00Z,18557.79722222222
2020-11-22T06:00:00Z,18537.541555555556
2020-11-22T07:00:00Z,18512.295444444444
2020-11-22T08:00:00Z,18407.449629629627
2020-11-22T09:00:00Z,18332.877444444446
2020-11-22T10:00:00Z,18236.415222222222
2020-11-22T11:00:00Z,18077.22325925926
2020-11-22T12:00:00Z,17987.5987037037
2020-11-22T13:00:00Z,17993.27233333333
2020-11-22T14:00:00Z,18068.34459259259
2020-11-22T15:00:00Z,18188.29533333333
2020-11-22T16:00:00Z,18362.51474074074
2020-11-22T17:00:00Z,18502.71488888889
2020-11-22T18:00:00Z,18593.386518518517
2020-11-22T19:00:00Z,18640.612703703704
2020-11-22T20:00:00Z,18647.500296296294
2020-11-22T21:00:00Z,18646.16307407407
2020-11-22T22:00:00Z,18652.245370370365
2020-11-22T23:00:00Z,18598.98281481481
2020-11-23T00:00:00Z,18431.031
2020-11-23T01:00:00Z,18261.364814814813
2020-11-23T02:00:00Z,18147.34337037037
2020-11-23T03:00:00Z,18161.24066666667
2020-11-23T04:00:00Z,18276.164333333334
2020-11-23T05:00:00Z,18401.26211111111
2020-11-23T06:00:00Z,18510.86874074074
2020-11-23T07:00:00Z,18552.474666666665
2020-11-23T08:00:00Z,18582.591333333334
2020-11-23T09:00:00Z,18625.08751851852
2020-11-23T10:00:00Z,18701.353703703702
2020-11-23T11:00:00Z,18722.034296296293
2020-11-23T12:00:00Z,18708.952407407403
2020-11-23T13:00:00Z,18670.97433333333
2020-11-23T14:00:00Z,18618.019370370366
2020-11-23T15:00:00Z,18492.653888888886
2020-11-23T16:00:00Z,18384.323444444446
2020-11-23T17:00:00Z,18308.514148148144
2020-11-23T18:00:00Z,18284.702777777773
2020-11-23T19:00:00Z,18327.727444444437
2020-11-23T20:00:00Z,18370.206185185187
2020-11-23T21:00:00Z,18407.13096296297
2020-11-23T22:00:00Z,18429.613518518523
2020-11-23T23:00:00Z,18425.6892962963
2020-11-24T00:00:00Z,18406.333592592593
2020-11-24T01:00:00Z,18416.564888888886
2020-11-24T02:00:00Z,18408.90125925926
2020-11-24T03:00:00Z,18394.459259259256
2020-11-24T04:00:00Z,18402.68281481481
2020-11-24T05:00:00Z,18392.028851851846
2020-11-24T06:00:00Z,18395.26677777777
2020-11-24T07:00:00Z,18393.873703703703
2020-11-24T08:00:00Z,18466.19085185185
2020-11-24T09:00:00Z,18670.193074074075
2020-11-24T10:00:00Z,18874.459925925927
2020-11-24T11:00:00Z,19063.724074074074
2020-11-24T12:00:00Z,19207.64114814815
2020-11-24T13:00:00Z,19294.72659259259
2020-11-24T14:00:00Z,19394.857518518515
2020-11-24T15:00:00Z,19465.422666666665
2020-11-24T16:00:00Z,19475.725444444444
2020-11-24T17:00:00Z,19409.14448148148
2020-11-24T18:00:00Z,19330.924296296296
2020-11-24T19:00:00Z,19243.537481481482
2020-11-24T20:00:00Z,19150.221518518516
2020-11-24T21:00:00Z,19035.96851851852
2020-11-24T22:00:00Z,18994.39862962963
2020-11-24T23:00:00Z,19026.393777777776
2020-11-25T00:00:00Z,19100.361074074073
2020-11-25T01:00:00Z,19143.91666666667
2020-11-25T02:00:00Z,19109.46903703704
2020-11-25T03:00:00Z,18992.599000000002
2020-11-25T04:00:00Z,18826.710037037035
2020-11-25T05:00:00Z,18745.20325925926
2020-11-25T06:00:00Z,18752.43825925926
2020-11-25T07:00:00Z,18840.45466666666
2020-11-25T08:00:00Z,18981.089333333333
2020-11-25T09:00:00Z,19114.478592592597
2020-11-25T10:00:00Z,19248.184222222222
2020-11-25T11:00:00Z,19340.744259259263
2020-11-25T12:00:00Z,19393.32255555556
2020-11-25T13:00:00Z,19372.580222222223
2020-11-25T14:00:00Z,19339.280962962963
2020-11-25T15:00:00Z,19265.007222222226
2020-11-25T16:00:00Z,19146.445296296293
2020-11-25T17:00:00Z,19054.10122222222
2020-11-25T18:00:00Z,19001.32848148148
2020-11-25T19:00:00Z,18975.228185185188
2020-11-25T20:00:00Z,18940.44455555556
2020-11-25T21:00:00Z,18893.23792592593
2020-11-25T22:00:00Z,18818.691518518517
2020-11-25T23:00:00Z,18740.359074074073
2020-11-26T00:00:00Z,18727.461592592594
2020-11-26T01:00:00Z,18742.823518518522
2020-11-26T02:00:00Z,18654.702185185186
2020-11-26T03:00:00Z,18376.27670370371
2020-11-26T04:00:00Z,17996.96522222222
2020-11-26T05:00:00Z,17732.670814814814
2020-11-26T06:00:00Z,17656.342444444443
2020-11-26T07:00:00Z,17607.70314814815
2020-11-26T08:00:00Z,17329.074999999997
2020-11-26T09:00:00Z,17029.764185185184
2020-11-26T10:00:00Z,16895.10996296296
2020-11-26T11:00:00Z,16893.357
2020-11-26T12:00:00Z,17053.923851851854
2020-11-26T13:00:00Z,17131.090666666667
2020-11-26T14:00:00Z,17046.087185185184
2020-11-26T15:00:00Z,16923.979037037036
2020-11-26T16:00:00Z,16757.97266666667
2020-11-26T17:00:00Z,16652.11970370371
2020-11-26T18:00:00Z,16558.20396296296
2020-11-26T19:00:00Z,16490.279037037035
2020-11-26T20:00:00Z,16647.745407407405
2020-11-26T21:00:00Z,16869.071851851844
2020-11-26T22:00:00Z,17111.289962962957
2020-11-26T23:00:00Z,17258.291629629628
2020-11-27T00:00:00Z,17373.12655555556
2020-11-27T01:00:00Z,17431.413222222225
2020-11-27T02:00:00Z,17378.49385185185
2020-11-27T03:00:00Z,17264.05825925926
2020-11-27T04:00:00Z,17137.192074074075
2020-11-27T05:00:00Z,17115.69274074074
2020-11-27T06:00:00Z,17174.881185185182
2020-11-27T07:00:00Z,17196.712444444445
2020-11-27T08:00:00Z,17096.00725925926
2020-11-27T09:00:00Z,16878.732148148145
2020-11-27T10:00:00Z,16743.75222222222
2020-11-27T11:00:00Z,16682.830333333335
2020-11-27T12:00:00Z,16778.0872962963
2020-11-27T13:00:00Z,16886.954111111114
2020-11-27T14:00:00Z,16906.35440740741
2020-11-27T15:00:00Z,16776.73725925926
2020-11-27T16:00:00Z,16689.578666666668
2020-11-27T17:00:00Z,16653.811185185186
2020-11-27T18:00:00Z,16690.180851851856
2020-11-27T19:00:00Z,16755.033481481485
2020-11-27T20:00:00Z,16881.495074074075
2020-11-27T21:00:00Z,16995.443185185184
2020-11-27T22:00:00Z,17059.340962962964
2020-11-27T23:00:00Z,17119.81366666667
2020-11-28T00:00:00Z,17166.951
2020-11-28T01:00:00Z,17201.87548148148
2020-11-28T02:00:00Z,17167.91296296296
2020-11-28T03:00:00Z,17097.746481481478
2020-11-28T04:00:00Z,17017.023777777777
2020-11-28T05:00:00Z,16967.197444444442
2020-11-28T06:00:00Z,16963.775
2020-11-28T07:00:00Z,16983.479222222224
2020-11-28T08:00:00Z,16967.91151851852
2020-11-28T09:00:00Z,16939.920518518516
2020-11-28T10:00:00Z,16994.39137037037
2020-11-28T11:00:00Z,17084.2247037037
2020-11-28T12:00:00Z,17165.973444444444
2020-11-28T13:00:00Z,17270.912851851856
2020-11-28T14:00:00Z,17353.570407407413
2020-11-28T15:00:00Z,17463.845555555556
2020-11-28T16:00:00Z,17616.02348148148
2020-11-28T17:00:00Z,17761.696148148145
2020-11-28T18:00:00Z,17852.188814814814
2020-11-28T19:00:00Z,17904.52577777778
2020-11-28T20:00:00Z,17875.18574074074
2020-11-28T21:00:00Z,17830.510629629633
2020-11-28T22:00:00Z,17795.29777777778
2020-11-28T23:00:00Z,17768.12166666667
2020-11-29T00:00:00Z,17731.539925925925
2020-11-29T01:00:00Z,17670.058296296298
2020-11-29T02:00:00Z,17657.806037037037
2020-11-29T03:00:00Z,17721.9712962963
2020-11-29T04:00:00Z,17788.154407407408
2020-11-29T05:00:00Z,17834.343740740744
2020-11-29T06:00:00Z,17824.57777777778
2020-11-29T07:00:00Z,17814.895703703703
2020-11-29T08:00:00Z,17915.111407407407
2020-11-29T09:00:00Z,18047.59259259259
2020-11-29T10:00:00Z,18184.061481481487
2020-11-29T11:00:00Z,18236.339000000004
2020-11-29T12:00:00Z,18201.57692592593
2020-11-29T13:00:00Z,18152.100000000002
2020-11-29T14:00:00Z,18099.212444444445
2020-11-29T15:00:00Z,18091.719074074073
2020-11-29T16:00:00Z,18100.071592592594
2020-11-29T17:00:00Z,18113.903851851854
2020-11-29T18:00:00Z,18128.529259259263
2020-11-29T19:00:00Z,18117.127407407406
2020-11-29T20:00:00Z,18142.834296296296
2020-11-29T21:00:00Z,18199.003629629628
2020-11-29T22:00:00Z,18227.37851851851
2020-11-29T23:00:00Z,18236.21277777778
2020-11-30T00:00:00Z,18300.24574074074
2020-11-30T01:00:00Z,18405.61481481481
2020-11-30T02:00:00Z,18518.808777777773
2020-11-30T03:00:00Z,18614.485740740743
2020-11-30T04:00:00Z,18646.37162962963
2020-11-30T05:00:00Z,18634.79785185185
2020-11-30T06:00:00Z,18604.801518518518
2020-11-30T07:00:00Z,18601.491814814814
2020-11-30T08:00:00Z,18571.768740740747
2020-11-30T09:00:00Z,18535.428962962967
2020-11-30T10:00:00Z,18504.541629629635
2020-11-30T11:00:00Z,18519.200851851856
2020-11-30T12:00:00Z,18637.963074074076
2020-11-30T13:00:00Z,18878.899999999998
2020-11-30T14:00:00Z,19221.245777777778
2020-11-30T15:00:00Z,19453.589296296297
2020-11-30T16:00:00Z,19507.822259259257
2020-11-30T17:00:00Z,19488.051074074072
2020-11-30T18:00:00Z,19389.79644444444
2020-11-30T19:00:00Z,19316.546925925926
2020-11-30T20:00:00Z,19323.47651851852
2020-11-30T21:00:00Z,19359.64818518519
2020-11-30T22:00:00Z,19436.737703703704
2020-11-30T23:00:00Z,19567.228037037035
2020-12-01T00:00:00Z,19651.118962962963
2020-12-01T01:00:00Z,19689.656259259256
2020-12-01T02:00:00Z,19707.925629629633
2020-12-01T03:00:00Z,19640.650629629632
2020-12-01T04:00:00Z,19523.606444444446
2020-12-01T05:00:00Z,19440.623148148148
2020-12-01T06:00:00Z,19368.473370370368
2020-12-01T07:00:00Z,19382.436370370368
2020-12-01T08:00:00Z,19422.390333333333
2020-12-01T09:00:00Z,19493.074333333334
2020-12-01T10:00:00Z,19612.03540740741
2020-12-01T11:00:00Z,19634.778481481484
2020-12-01T12:00:00Z,19327.553962962964
2020-12-01T13:00:00Z,18948.935814814817
2020-12-01T14:00:00Z,18809.22777777778
2020-12-01T15:00:00Z,18904.732777777783
2020-12-01T16:00:00Z,19048.664111111113
2020-12-01T17:00:00Z,19116.86466666667
2020-12-01T18:00:00Z,19007.37974074074
2020-12-01T19:00:00Z,18946.215518518522
2020-12-01T20:00:00Z,18941.28103703704
2020-12-01T21:00:00Z,18986.755888888893
2020-12-01T22:00:00Z,18994.541814814813
2020-12-01T23:00:00Z,18923.459777777778
2020-12-02T00:00:00Z,18847.77970370371
2020-12-02T01:00:00Z,18803.657703703706
2020-12-02T02:00:00Z,18752.652148148147
2020-12-02T03:00:00Z,18683.280481481477
2020-12-02T04:00:00Z,18596.91848148148
2020-12-02T05:00:00Z,18559.429148148152
2020-12-02T06:00:00Z,18651.08596296296
2020-12-02T07:00:00Z,18858.067407407405
2020-12-02T08:00:00Z,19092.59959259259
2020-12-02T09:00:00Z,19210.356999999996
2020-12-02T10:00:00Z,19235.12755555555
2020-12-02T11:00:00Z,19208.158074074076
2020-12-02T12:00:00Z,19122.86433333333
2020-12-02T13:00:00Z,19082.5802962963
2020-12-02T14:00:00Z,19013.940592592597
2020-12-02T15:00:00Z,18946.384740740745
2020-12-02T16:00:00Z,18881.73359259259
2020-12-02T17:00:00Z,18873.98196296296
2020-12-02T18:00:00Z,18919.378851851852
2020-12-02T19:00:00Z,19010.391814814815
2020-12-02T20:00:00Z,19089.24303703704
2020-12-02T21:00:00Z,19150.092111111113
2020-12-02T22:00:00Z,19175.869777777774
2020-12-02T23:00:00Z,19204.996666666666
2020-12-03T00:00:00Z,19222.914407407403
2020-12-03T01:00:00Z,19180.400629629625
2020-12-03T02:00:00Z,19117.649555555556
2020-12-03T03:00:00Z,19070.989555555552
2020-12-03T04:00:00Z,19043.42385185185
2020-12-03T05:00:00Z,18999.12059259259
2020-12-03T06:00:00Z,18961.3307037037
2020-12-03T07:00:00Z,19007.327999999998
2020-12-03T08:00:00Z,19156.41562962963
2020-12-03T09:00:00Z,19323.74440740741
2020-12-03T10:00:00Z,19435.529370370372
2020-12-03T11:00:00Z,19483.397925925925
2020-12-03T12:00:00Z,19467.048185185187
2020-12-03T13:00:00Z,19412.910111111112
2020-12-03T14:00:00Z,19372.555000000004
2020-12-03T15:00:00Z,19410.13670370371
2020-12-03T16:00:00Z,19437.237555555555
2020-12-03T17:00:00Z,19423.826407407407
2020-12-03T18:00:00Z,19399.45840740741
2020-12-03T19:00:00Z,19393.357370370373
2020-12-03T20:00:00Z,19397.252074074077
2020-12-03T21:00:00Z,19423.387851851858
2020-12-03T22:00:00Z,19457.03188888889
2020-12-03T23:00:00Z,19475.19203703704
2020-12-04T00:00:00Z,19492.04840740741
2020-12-04T01:00:00Z,19456.75403703704
2020-12-04T02:00:00Z,19378.50651851852
2020-12-04T03:00:00Z,19269.031666666666
2020-12-04T04:00:00Z,19214.61337037037
2020-12-04T05:00:00Z,19187.408185185184
2020-12-04T06:00:00Z,19218.883925925926
2020-12-04T07:00:00Z,19263.44748148148
2020-12-04T08:00:00Z,19328.523518518516
2020-12-04T09:00:00Z,19380.677592592594
2020-12-04T10:00:00Z,19295.228333333336
2020-12-04T11:00:00Z,19096.08888888889
2020-12-04T12:00:00Z,18942.4412962963
2020-12-04T13:00:00Z,18880.95440740741
2020-12-04T14:00:00Z,18918.940555555557
2020-12-04T15:00:00Z,18959.480333333333
2020-12-04T16:00:00Z,18981.487629629628
2020-12-04T17:00:00Z,18980.709296296296
2020-12-04T18:00:00Z,19001.745
2020-12-04T19:00:00Z,19031.75514814815
2020-12-04T20:00:00Z,19034.135962962962
2020-12-04T21:00:00Z,18968.96574074074
2020-12-04T22:00:00Z,18832.85762962963
2020-12-04T23:00:00Z,18692.354740740742
2020-12-05T00:00:00Z,18635.575518518523
2020-12-05T01:00:00Z,18619.396814814812
2020-12-05T02:00:00Z,18672.193703703702
2020-12-05T03:00:00Z,18745.685185185186
2020-12-05T04:00:00Z,18826.713740740743
2020-12-05T05:00:00Z,18915.925518518517
2020-12-05T06:00:00Z,18985.671740740738
2020-12-05T07:00:00Z,19011.141074074072
2020-12-05T08:00:00Z,19071.041999999998
2020-12-05T09:00:00Z,19128.783111111115
2020-12-05T10:00:00Z,19174.130259259266
2020-12-05T11:00:00Z,19161.53337037037
2020-12-05T12:00:00Z,19125.19714814815
2020-12-05T13:00:00Z,19066.431074074073
2020-12-05T14:00:00Z,19043.685
2020-12-05T15:00:00Z,19061.33962962963
2020-12-05T16:00:00Z,19091.899703703704
2020-12-05T17:00:00Z,19126.9637037037
2020-12-05T18:00:00Z,19145.510777777774
2020-12-05T19:00:00Z,19152.746666666666
2020-12-05T20:00:00Z,19130.62325925926
2020-12-05T21:00:00Z,19083.460185185188
2020-12-05T22:00:00Z,19036.935555555556
2020-12-05T23:00:00Z,19046.49033333333
2020-12-06T00:00:00Z,19129.53803703704
2020-12-06T01:00:00Z,19228.728259259264
2020-12-06T02:00:00Z,19291.991074074074
2020-12-06T03:00:00Z,19293.96237037037
2020-12-06T04:00:00Z,19260.477814814814
2020-12-06T05:00:00Z,19213.003555555555
2020-12-06T06:00:00Z,19184.627481481482
2020-12-06T07:00:00Z,19190.16403703704
2020-12-06T08:00:00Z,19151.205962962962
2020-12-06T09:00:00Z,19098.2082962963
2020-12-06T10:00:00Z,19045.394592592595
2020-12-06T11:00:00Z,19030.38311111111
2020-12-06T12:00:00Z,19015.73637037037
2020-12-06T13:00:00Z,18991.093555555555
2020-12-06T14:00:00Z,19011.65040740741
2020-12-06T15:00:00Z,19063.05440740741
2020-12-06T16:00:00Z,19118.08888888889
2020-12-06T17:00:00Z,19156.56388888889
2020-12-06T18:00:00Z,19161.039000000004
2020-12-06T19:00:00Z,19157.968444444447
2020-12-06T20:00:00Z,19163.782370370373
2020-12-06T21:00:00Z,19196.268222222217
2020-12-06T22:00:00Z,19203.97685185185
2020-12-06T23:00:00Z,19260.512222222216
2020-12-07T00:00:00Z,19315.73948148148
2020-12-07T01:00:00Z,19351.151333333335
2020-12-07T02:00:00Z,19331.575074074077
2020-12-07T03:00:00Z,19302.425185185184
2020-12-07T04:00:00Z,19284.567777777775
2020-12-07T05:00:00Z,19270.064074074075
2020-12-07T06:00:00Z,19277.405370370372
2020-12-07T07:00:00Z,19310.557444444446
2020-12-07T08:00:00Z,19318.428037037036
2020-12-07T09:00:00Z,19292.753074074073
2020-12-07T10:00:00Z,19242.14403703704
2020-12-07T11:00:00Z,19169.912703703707
2020-12-07T12:00:00Z,19149.22948148148
2020-12-07T13:00:00Z,19154.19496296296
2020-12-07T14:00:00Z,19177.95511111111
2020-12-07T15:00:00Z,19204.848888888886
2020-12-07T16:00:00Z,19214.4742962963
2020-12-07T17:00:00Z,19205.08881481482
2020-12-07T18:00:00Z,19117.912851851852
2020-12-07T19:00:00Z,19017.18814814815
2020-12-07T20:00:00Z,18963.462037037036
2020-12-07T21:00:00Z,18972.64574074074
2020-12-07T22:00:00Z,19031.967851851852
2020-12-07T23:00:00Z,19109.29207407407
2020-12-08T00:00:00Z,19189.31311111111
2020-12-08T01:00:00Z,19244.321407407406
2020-12-08T02:00:00Z,19259.29018518519
2020-12-08T03:00:00Z,19235.012703703705
2020-12-08T04:00:00Z,19204.30944444445
2020-12-08T05:00:00Z,19218.323000000004
2020-12-08T06:00:00Z,19218.235037037037
2020-12-08T07:00:00Z,19199.40274074074
2020-12-08T08:00:00Z,19142.976296296292
2020-12-08T09:00:00Z,19001.723074074067
2020-12-08T10:00:00Z,18857.128999999997
2020-12-08T11:00:00Z,18739.197
2020-12-08T12:00:00Z,18670.355851851855
2020-12-08T13:00:00Z,18709.32637037037
2020-12-08T14:00:00Z,18780.14385185185
2020-12-08T15:00:00Z,18828.61151851852
2020-12-08T16:00:00Z,18846.885740740738
2020-12-08T17:00:00Z,18869.451074074077
2020-12-08T18:00:00Z,18868.655222222224
2020-12-08T19:00:00Z,18845.800259259257
2020-12-08T20:00:00Z,18794.13044444444
2020-12-08T21:00:00Z,18752.725111111107
2020-12-08T22:00:00Z,18607.160148148145
2020-12-08T23:00:00Z,18427.362
2020-12-09T00:00:00Z,18228.104555555554
2020-12-09T01:00:00Z,18099.910296296293
2020-12-09T02:00:00Z,18082.274481481483
2020-12-09T03:00:00Z,18136.302185185188
2020-12-09T04:00:00Z,18171.047888888894
2020-12-09T05:00:00Z,18186.15488888889
2020-12-09T06:00:00Z,18187.86288888889
2020-12-09T07:00:00Z,18104.447925925924
2020-12-09T08:00:00Z,18002.43733333333
2020-12-09T09:00:00Z,17940.65411111111
2020-12-09T10:00:00Z,17992.889185185184
2020-12-09T11:00:00Z,18115.01
2020-12-09T12:00:00Z,18228.188814814817
2020-12-09T13:00:00Z,18365.409888888888
2020-12-09T14:00:00Z,18471.262185185184
2020-12-09T15:00:00Z,18502.549444444445
2020-12-09T16:00:00Z,18484.15092592593
2020-12-09T17:00:00Z,18413.0412962963
2020-12-09T18:00:00Z,18309.485851851852
2020-12-09T19:00:00Z,18236.676148148148
2020-12-09T20:00:00Z,18223.60237037037
2020-12-09T21:00:00Z,18312.310333333327
2020-12-09T22:00:00Z,18447.67937037037
2020-12-09T23:00:00Z,18560.790407407407
2020-12-10T00:00:00Z,18583.304925925924
2020-12-10T01:00:00Z,18541.282851851855
2020-12-10T02:00:00Z,18466.08688888889
2020-12-10T03:00:00Z,18409.53211111111
2020-12-10T04:00:00Z,18386.933814814816
2020-12-10T05:00:00Z,18374.587851851855
2020-12-10T06:00:00Z,18347.40725925926
2020-12-10T07:00:00Z,18324.510000000006
2020-12-10T08:00:00Z,18342.979333333336
2020-12-10T09:00:00Z,18325.935851851853
2020-12-10T10:00:00Z,18258.837333333333
2020-12-10T11:00:00Z,18186.222777777773
2020-12-10T12:00:00Z,18143.789925925925
2020-12-10T13:00:00Z,18150.288925925925
2020-12-10T14:00:00Z,18133.928185185185
2020-12-10T15:00:00Z,18116.454777777777
2020-12-10T16:00:00Z,18113.06466666667
2020-12-10T17:00:00Z,18139.519
2020-12-10T18:00:00Z,18198.29777777778
2020-12-10T19:00:00Z,18291.924333333336
2020-12-10T20:00:00Z,18370.41518518519
2020-12-10T21:00:00Z,18410.81711111111
2020-12-10T22:00:00Z,18406.537851851852
2020-12-10T23:00:00Z,18355.296000000002
2020-12-11T00:00:00Z,18223.410481481482
2020-12-11T01:00:00Z,18043.94751851852
2020-12-11T02:00:00Z,17858.725185185187
2020-12-11T03:00:00Z,17787.625555555558
2020-12-11T04:00:00Z,17805.508629629632
2020-12-11T05:00:00Z,17848.77677777778
2020-12-11T06:00:00Z,17887.210296296296
2020-12-11T07:00:00Z,17867.972111111114
2020-12-11T08:00:00Z,17853.140444444445
2020-12-11T09:00:00Z,17823.47011111111
2020-12-11T10:00:00Z,17781.43925925926
2020-12-11T11:00:00Z,17710.7402962963
2020-12-11T12:00:00Z,17707.408037037036
2020-12-11T13:00:00Z,17787.035222222225
2020-12-11T14:00:00Z,17926.086925925923
2020-12-11T15:00:00Z,18067.62537037037
2020-12-11T16:00:00Z,18118.157740740742
2020-12-11T17:00:00Z,18100.63074074074
2020-12-11T18:00:00Z,18067.007851851857
2020-12-11T19:00:00Z,18024.87962962963
2020-12-11T20:00:00Z,17994.620296296296
2020-12-11T21:00:00Z,18011.445925925924
2020-12-11T22:00:00Z,18063.24062962963
2020-12-11T23:00:00Z,18094.603925925923
2020-12-12T00:00:00Z,18186.32096296296
2020-12-12T01:00:00Z,18274.566481481485
2020-12-12T02:00:00Z,18349.52488888889
2020-12-12T03:00:00Z,18377.498074074076
2020-12-12T04:00:00Z,18388.910185185185
2020-12-12T05:00:00Z,18381.820851851848
2020-12-12T06:00:00Z,18364.24744444444
2020-12-12T07:00:00Z,18367.584000000003
2020-12-12T08:00:00Z,18377.28148148148
2020-12-12T09:00:00Z,18406.697629629634
2020-12-12T10:00:00Z,18419.825629629635
2020-12-12T11:00:00Z,18454.303296296297
2020-12-12T12:00:00Z,18473.726666666666
2020-12-12T13:00:00Z,18467.827703703704
2020-12-12T14:00:00Z,18436.652407407408
2020-12-12T15:00:00Z,18405.647888888892
2020-12-12T16:00:00Z,18390.626999999997
2020-12-12T17:00:00Z,18415.789999999997
2020-12-12T18:00:00Z,18519.64077777778
2020-12-12T19:00:00Z,18674.741740740737
2020-12-12T20:00:00Z,18807.743444444444
2020-12-12T21:00:00Z,18884.95774074074
2020-12-12T22:00:00Z,18924.905444444445
2020-12-12T23:00:00Z,18919.88074074074
2020-12-13T00:00:00Z,18880.359814814812
2020-12-13T01:00:00Z,18840.163962962964
2020-12-13T02:00:00Z,18816.675592592594
2020-12-13T03:00:00Z,18806.17792592593
2020-12-13T04:00:00Z,18822.57381481482
2020-12-13T05:00:00Z,18844.868333333336
2020-12-13T06:00:00Z,18900.183592592595
2020-12-13T07:00:00Z,19039.18966666667
2020-12-13T08:00:00Z,19192.099518518517
2020-12-13T09:00:00Z,19311.96525925926
2020-12-13T10:00:00Z,19369.72114814815
2020-12-13T11:00:00Z,19387.55018518519
2020-12-13T12:00:00Z,19394.02792592593
2020-12-13T13:00:00Z,19389.62492592593
2020-12-13T14:00:00Z,19368.144444444446
2020-12-13T15:00:00Z,19313.174703703702
2020-12-13T16:00:00Z,19286.417407407407
2020-12-13T17:00:00Z,19270.17448148148
2020-12-13T18:00:00Z,19239.345185185182
2020-12-13T19:00:00Z,19203.093999999994
2020-12-13T20:00:00Z,19160.10585185185
2020-12-13T21:00:00Z,19141.226444444444
2020-12-13T22:00:00Z,19122.406777777782
2020-12-13T23:00:00Z,19123.356259259264
2020-12-14T00:00:00Z,19098.496814814815
2020-12-14T01:00:00Z,19077.161555555558
2020-12-14T02:00:00Z,19127.0117037037
2020-12-14T03:00:00Z,19201.189777777778
2020-12-14T04:00:00Z,19230.09896296296
2020-12-14T05:00:00Z,19195.98281481482
2020-12-14T06:00:00Z,19167.468888888892
2020-12-14T07:00:00Z,19149.11051851852
2020-12-14T08:00:00Z,19170.67637037037
2020-12-14T09:00:00Z,19187.94766666667
2020-12-14T10:00:00Z,19165.089666666667
2020-12-14T11:00:00Z,19129.422518518517
2020-12-14T12:00:00Z,19098.710814814815
2020-12-14T13:00:00Z,19108.485370370374
2020-12-14T14:00:00Z,19151.515222222228
2020-12-14T15:00:00Z,19194.63014814815
2020-12-14T16:00:00Z,19205.359925925924
2020-12-14T17:00:00Z,19184.95903703704
2020-12-14T18:00:00Z,19181.764333333333
2020-12-14T19:00:00Z,19179.496074074075
2020-12-14T20:00:00Z,19191.624925925928
2020-12-14T21:00:00Z,19201.749666666667
2020-12-14T22:00:00Z,19234.261592592593
2020-12-14T23:00:00Z,19267.60762962963
2020-12-15T00:00:00Z,19329.21114814815
2020-12-15T01:00:00Z,19405.49662962963
2020-12-15T02:00:00Z,19469.217592592588
2020-12-15T03:00:00Z,19512.294592592592
2020-12-15T04:00:00Z,19435.51837037037
2020-12-15T05:00:00Z,19295.94818518519
2020-12-15T06:00:00Z,19175.709000000003
2020-12-15T07:00:00Z,19117.767925925928
2020-12-15T08:00:00Z,19104.175481481478
2020-12-15T09:00:00Z,19122.606555555554
2020-12-15T10:00:00Z,19185.922444444444
2020-12-15T11:00:00Z,19257.960000000003
2020-12-15T12:00:00Z,19312.45792592593
2020-12-15T13:00:00Z,19353.156592592593
2020-12-15T14:00:00Z,19372.016703703703
2020-12-15T15:00:00Z,19398.73507407407
2020-12-15T16:00:00Z,19410.484666666667
2020-12-15T17:00:00Z,19419.903555555553
2020-12-15T18:00:00Z,19462.296629629633
2020-12-15T19:00:00Z,19518.981296296293
2020-12-15T20:00:00Z,19554.786333333326
2020-12-15T21:00:00Z,19537.442296296296
2020-12-15T22:00:00Z,19503.465444444442
2020-12-15T23:00:00Z,19466.08762962963
2020-12-16T00:00:00Z,19424.767851851848
2020-12-16T01:00:00Z,19396.184259259255
2020-12-16T02:00:00Z,19397.097592592592
2020-12-16T03:00:00Z,19390.274481481483
2020-12-16T04:00:00Z,19381.04366666667
2020-12-16T05:00:00Z,19370.178851851848
2020-12-16T06:00:00Z,19382.220148148146
2020-12-16T07:00:00Z,19407.81948148148
2020-12-16T08:00:00Z,19447.68377777778
2020-12-16T09:00:00Z,19492.115333333335
2020-12-16T10:00:00Z,19609.976518518517
2020-12-16T11:00:00Z,19729.53733333333
2020-12-16T12:00:00Z,19820.17877777778
2020-12-16T13:00:00Z,20029.042518518523
2020-12-16T14:00:00Z,20371.519740740743
2020-12-16T15:00:00Z,20704.89614814815
2020-12-16T16:00:00Z,20974.516888888887
2020-12-16T17:00:00Z,21037.7082962963
2020-12-16T18:00:00Z,20948.120185185184
2020-12-16T19:00:00Z,20848.776555555556
2020-12-16T20:00:00Z,20804.92225925926
2020-12-16T21:00:00Z,20931.301518518525
2020-12-16T22:00:00Z,21175.181370370377
2020-12-16T23:00:00Z,21395.955481481484
2020-12-17T00:00:00Z,21533.97862962963
2020-12-17T01:00:00Z,21668.93822222222
2020-12-17T02:00:00Z,21837.51559259259
2020-12-17T03:00:00Z,21940.973444444444
2020-12-17T04:00:00Z,21972.800222222224
2020-12-17T05:00:00Z,22085.507259259262
2020-12-17T06:00:00Z,22201.33555555555
2020-12-17T07:00:00Z,22386.247037037043
2020-12-17T08:00:00Z,22665.60607407408
2020-12-17T09:00:00Z,22841.877037037037
2020-12-17T10:00:00Z,22894.892444444446
2020-12-17T11:00:00Z,22878.56033333334
2020-12-17T12:00:00Z,22957.710148148148
2020-12-17T13:00:00Z,23005.988666666668
2020-12-17T14:00:00Z,23097.189629629633
2020-12-17T15:00:00Z,23235.888814814825
2020-12-17T16:00:00Z,23454.323074074073
2020-12-17T17:00:00Z,23490.862222222222
2020-12-17T18:00:00Z,23448.804666666663
2020-12-17T19:00:00Z,23248.08122222222
2020-12-17T20:00:00Z,22997.89462962963
2020-12-17T21:00:00Z,22798.96929629629
2020-12-17T22:00:00Z,22741.452148148146
2020-12-17T23:00:00Z,22749.804148148145
2020-12-18T00:00:00Z,22766.236259259258
2020-12-18T01:00:00Z,22834.832703703705
2020-12-18T02:00:00Z,22917.309222222222
2020-12-18T03:00:00Z,22942.86477777778
2020-12-18T04:00:00Z,22931.916370370378
2020-12-18T05:00:00Z,22923.72011111111
2020-12-18T06:00:00Z,22942.327666666664
2020-12-18T07:00:00Z,22997.389037037035
2020-12-18T08:00:00Z,23066.078148148154
2020-12-18T09:00:00Z,23151.319333333337
2020-12-18T10:00:00Z,23145.613148148142
2020-12-18T11:00:00Z,23057.995111111104
2020-12-18T12:00:00Z,22957.588592592587
2020-12-18T13:00:00Z,22782.56544444444
2020-12-18T14:00:00Z,22633.409370370373
2020-12-18T15:00:00Z,22520.709000000003
2020-12-18T16:00:00Z,22520.5527037037
2020-12-18T17:00:00Z,22601.82688888889
2020-12-18T18:00:00Z,22711.587148148148
2020-12-18T19:00:00Z,22792.50066666667
2020-12-18T20:00:00Z,22826.471999999998
2020-12-18T21:00:00Z,22864.107444444442
2020-12-18T22:00:00Z,22942.201074074077
2020-12-18T23:00:00Z,23057.180296296297
2020-12-19T00:00:00Z,23113.21822222222
2020-12-19T01:00:00Z,23134.929185185185
2020-12-19T02:00:00Z,23174.764037037035
2020-12-19T03:00:00Z,23193.24392592593
2020-12-19T04:00:00Z,23178.653444444444
2020-12-19T05:00:00Z,23110.669814814813
2020-12-19T06:00:00Z,23001.233259259257
2020-12-19T07:00:00Z,22902.160666666663
2020-12-19T08:00:00Z,22878.586407407405
2020-12-19T09:00:00Z,22907.205629629632
2020-12-19T10:00:00Z,22969.875814814808
2020-12-19T11:00:00Z,22987.50922222222
2020-12-19T12:00:00Z,23014.523185185186
2020-12-19T13:00:00Z,23083.955222222223
2020-12-19T14:00:00Z,23205.599518518517
2020-12-19T15:00:00Z,23403.671592592593
2020-12-19T16:00:00Z,23708.851703703705
2020-12-19T17:00:00Z,23973.030222222224
2020-12-19T18:00:00Z,24106.73162962963
2020-12-19T19:00:00Z,24097.553925925924
2020-12-19T20:00:00Z,24039.995777777778
2020-12-19T21:00:00Z,24009.37674074074
2020-12-19T22:00:00Z,23995.824333333334
2020-12-19T23:00:00Z,23959.186111111117
2020-12-20T00:00:00Z,23804.719814814816
2020-12-20T01:00:00Z,23617.312444444444
2020-12-20T02:00:00Z,23452.153037037042
2020-12-20T03:00:00Z,23335.438444444444
2020-12-20T04:00:00Z,23308.590148148145
2020-12-20T05:00:00Z,23346.875629629623
2020-12-20T06:00:00Z,23422.441888888887
2020-12-20T07:00:00Z,23528.809740740737
2020-12-20T08:00:00Z,23636.438148148154
2020-12-20T09:00:00Z,23686.505407407414
2020-12-20T10:00:00Z,23627.579407407407
2020-12-20T11:00:00Z,23562.92896296296
2020-12-20T12:00:00Z,23499.45062962962
2020-12-20T13:00:00Z,23496.351111111104
2020-12-20T14:00:00Z,23518.33622222222
2020-12-20T15:00:00Z,23644.520962962964
2020-12-20T16:00:00Z,23725.324407407403
2020-12-20T17:00:00Z,23781.151444444444
2020-12-20T18:00:00Z,23837.09111111111
2020-12-20T19:00:00Z,23904.779962962963
2020-12-20T20:00:00Z,24044.945370370377
2020-12-20T21:00:00Z,23939.70470370371
2020-12-20T22:00:00Z,23742.573185185185
2020-12-20T23:00:00Z,23521.370740740735
2020-12-21T00:00:00Z,23453.060333333327
2020-12-21T01:00:00Z,23509.510037037035
2020-12-21T02:00:00Z,23662.791185185182
2020-12-21T03:00:00Z,23839.664703703704
2020-12-21T04:00:00Z,23957.502962962968
2020-12-21T05:00:00Z,24009.841851851856
2020-12-21T06:00:00Z,24008.07574074074
2020-12-21T07:00:00Z,23998.708518518524
2020-12-21T08:00:00Z,23898.802185185184
2020-12-21T09:00:00Z,23710.099444444448
2020-12-21T10:00:00Z,23201.98418518518
2020-12-21T11:00:00Z,22708.168407407404
2020-12-21T12:00:00Z,22278.466185185185
2020-12-21T13:00:00Z,22203.428555555554
2020-12-21T14:00:00Z,22474.331370370375
2020-12-21T15:00:00Z,22837.364962962965
2020-12-21T16:00:00Z,23158.983703703707
2020-12-21T17:00:00Z,23175.89381481482
2020-12-21T18:00:00Z,23045.02785185185
2020-12-21T19:00:00Z,22880.055444444442
2020-12-21T20:00:00Z,22785.26966666667
2020-12-21T21:00:00Z,22861.045481481484
2020-12-21T22:00:00Z,23015.813777777774
2020-12-21T23:00:00Z,23031.580222222223
2020-12-22T00:00:00Z,22887.17307407408
2020-12-22T01:00:00Z,22736.52951851852
2020-12-22T02:00:00Z,22715.442925925923
2020-12-22T03:00:00Z,22774.44277777777
2020-12-22T04:00:00Z,22875.19188888889
2020-12-22T05:00:00Z,22866.931
2020-12-22T06:00:00Z,22811.04725925926
2020-12-22T07:00:00Z,22721.577740740748
2020-12-22T08:00:00Z,22656.79922222222
2020-12-22T09:00:00Z,22660.17211111111
2020-12-22T10:00:00Z,22677.863074074074
2020-12-22T11:00:00Z,22823.34429629629
2020-12-22T12:00:00Z,23019.054111111112
2020-12-22T13:00:00Z,23285.623074074072
2020-12-22T14:00:00Z,23494.362333333334
2020-12-22T15:00:00Z,23571.505851851853
2020-12-22T16:00:00Z,23544.722037037038
2020-12-22T17:00:00Z,23465.62977777778
2020-12-22T18:00:00Z,23424.000148148156
2020-12-22T19:00:00Z,23412.24751851852
2020-12-22T20:00:00Z,23426.770666666667
2020-12-22T21:00:00Z,23443.707814814814
2020-12-22T22:00:00Z,23538.897111111117
2020-12-22T23:00:00Z,23688.218074074073
2020-12-23T00:00:00Z,23876.26407407407
2020-12-23T01:00:00Z,23939.002037037033
2020-12-23T02:00:00Z,23874.400148148143
2020-12-23T03:00:00Z,23769.633259259263
2020-12-23T04:00:00Z,23612.115555555556
2020-12-23T05:00:00Z,23501.899296296295
2020-12-23T06:00:00Z,23435.711333333336
2020-12-23T07:00:00Z,23434.727851851854
2020-12-23T08:00:00Z,23453.734814814816
2020-12-23T09:00:00Z,23511.167629629632
2020-12-23T10:00:00Z,23513.79537037037
2020-12-23T11:00:00Z,23377.70877777778
2020-12-23T12:00:00Z,23420.929037037044
2020-12-23T13:00:00Z,23503.386444444448
2020-12-23T14:00:00Z,23654.907629629637
2020-12-23T15:00:00Z,23681.87725925926
2020-12-23T16:00:00Z,23591.46059259259
2020-12-23T17:00:00Z,23527.057777777776
2020-12-23T18:00:00Z,23517.131185185182
2020-12-23T19:00:00Z,23540.436333333335
2020-12-23T20:00:00Z,23538.78266666667
2020-12-23T21:00:00Z,23459.091407407413
2020-12-23T22:00:00Z,23349.800296296296
2020-12-23T23:00:00Z,23244.26122222222
2020-12-24T00:00:00Z,23128.956777777774
2020-12-24T01:00:00Z,23081.86533333333
2020-12-24T02:00:00Z,22969.286333333333
2020-12-24T03:00:00Z,22871.21277777778
2020-12-24T04:00:00Z,22844.36433333333
2020-12-24T05:00:00Z,22891.25111111111
2020-12-24T06:00:00Z,22940.285037037032
2020-12-24T07:00:00Z,23027.549111111108
2020-12-24T08:00:00Z,23193.15374074074
2020-12-24T09:00:00Z,23342.46574074074
2020-12-24T10:00:00Z,23373.062629629625
2020-12-24T11:00:00Z,23327.948444444442
2020-12-24T12:00:00Z,23257.322037037036
2020-12-24T13:00:00Z,23265.391703703706
2020-12-24T14:00:00Z,23276.003111111113
2020-12-24T15:00:00Z,23274.362333333334
2020-12-24T16:00:00Z,23253.59674074074
2020-12-24T17:00:00Z,23278.253370370367
2020-12-24T18:00:00Z,23314.00011111111
2020-12-24T19:00:00Z,23335.04959259259
2020-12-24T20:00:00Z,23400.702148148153
2020-12-24T21:00:00Z,23442.287962962964
2020-12-24T22:00:00Z,23553.071592592594
2020-12-24T23:00:00Z,23671.91511111111
2020-12-25T00:00:00Z,23734.013666666666
2020-12-25T01:00:00Z,23727.373703703703
2020-12-25T02:00:00Z,23632.13962962963
2020-12-25T03:00:00Z,23526.332185185183
2020-12-25T04:00:00Z,23489.061185185186
2020-12-25T05:00:00Z,23511.25259259259
2020-12-25T06:00:00Z,23566.425703703706
2020-12-25T07:00:00Z,23620.026
2020-12-25T08:00:00Z,23661.98881481482
2020-12-25T09:00:00Z,23762.353370370372
2020-12-25T10:00:00Z,23889.877370370366
2020-12-25T11:00:00Z,24171.87507407407
2020-12-25T12:00:00Z,24401.833111111115
2020-12-25T13:00:00Z,24576.64188888889
2020-12-25T14:00:00Z,24511.857555555558
2020-12-25T15:00:00Z,24314.398851851845
2020-12-25T16:00:00Z,24129.119703703705
2020-12-25T17:00:00Z,24052.70188888889
2020-12-25T18:00:00Z,24129.664888888892
2020-12-25T19:00:00Z,24281.78466666667
2020-12-25T20:00:00Z,24426.170407407404
2020-12-25T21:00:00Z,24499.66925925926
2020-12-25T22:00:00Z,24557.131925925933
2020-12-25T23:00:00Z,24634.97014814815
2020-12-26T00:00:00Z,24683.345592592592
2020-12-26T01:00:00Z,24783.839555555558
2020-12-26T02:00:00Z,24862.593777777776
2020-12-26T03:00:00Z,24928.706259259256
2020-12-26T04:00:00Z,24936.870777777778
2020-12-26T05:00:00Z,24871.657814814815
2020-12-26T06:00:00Z,24820.272481481486
2020-12-26T07:00:00Z,24784.373296296297
2020-12-26T08:00:00Z,24810.690222222223
2020-12-26T09:00:00Z,24845.4352962963
2020-12-26T10:00:00Z,24832.168851851853
2020-12-26T11:00:00Z,24816.968555555562
2020-12-26T12:00:00Z,24822.543777777773
2020-12-26T13:00:00Z,24865.648407407407
2020-12-26T14:00:00Z,25047.987333333334
2020-12-26T15:00:00Z,25338.187037037034
2020-12-26T16:00:00Z,25680.561407407407
2020-12-26T17:00:00Z,25921.917666666664
2020-12-26T18:00:00Z,25968.705111111107
2020-12-26T19:00:00Z,25977.734518518515
2020-12-26T20:00:00Z,26119.791185185186
2020-12-26T21:00:00Z,26417.722111111114
2020-12-26T22:00:00Z,26627.24307407408
2020-12-26T23:00:00Z,26709.674
2020-12-27T00:00:00Z,26752.65022222222
2020-12-27T01:00:00Z,26755.41362962963
2020-12-27T02:00:00Z,26731.457111111104
2020-12-27T03:00:00Z,26672.939444444444
2020-12-27T04:00:00Z,26658.836185185184
2020-12-27T05:00:00Z,26730.9327037037
2020-12-27T06:00:00Z,27058.455148148147
2020-12-27T07:00:00Z,27442.804222222225
2020-12-27T08:00:00Z,27688.57577777778
2020-12-27T09:00:00Z,27852.948074074084
2020-12-27T10:00:00Z,27923.540703703708
2020-12-27T11:00:00Z,27894.812481481484
2020-12-27T12:00:00Z,27682.75362962963
2020-12-27T13:00:00Z,27496.53774074074
2020-12-27T14:00:00Z,27336.25474074074
2020-12-27T15:00:00Z,27271.64477777778
2020-12-27T16:00:00Z,27180.04003703703
2020-12-27T17:00:00Z,26989.322962962964
2020-12-27T18:00:00Z,26867.342148148153
2020-12-27T19:00:00Z,26844.40755555556
2020-12-27T20:00:00Z,26650.4722962963
2020-12-27T21:00:00Z,26435.86062962963
2020-12-27T22:00:00Z,26287.732555555558
2020-12-27T23:00:00Z,26193.961851851855
2020-12-28T00:00:00Z,26345.620962962963
2020-12-28T01:00:00Z,26636.08366666667
2020-12-28T02:00:00Z,26943.808333333338
2020-12-28T03:00:00Z,27217.338703703706
2020-12-28T04:00:00Z,27252.168740740744
2020-12-28T05:00:00Z,27160.951259259255
2020-12-28T06:00:00Z,27061.708074074075
2020-12-28T07:00:00Z,26994.416222222226
2020-12-28T08:00:00Z,26952.436814814817
2020-12-28T09:00:00Z,26884.886111111107
2020-12-28T10:00:00Z,26780.265888888884
2020-12-28T11:00:00Z,26723.417333333335
2020-12-28T12:00:00Z,26795.536296296297
2020-12-28T13:00:00Z,26979.707814814814
2020-12-28T14:00:00Z,27180.347407407415
2020-12-28T15:00:00Z,27206.43262962964
2020-12-28T16:00:00Z,27148.86577777778
2020-12-28T17:00:00Z,27090.358407407406
2020-12-28T18:00:00Z,27037.599999999995
2020-12-28T19:00:00Z,27001.132481481476
2020-12-28T20:00:00Z,26925.01444444444
2020-12-28T21:00:00Z,26774.44766666666
2020-12-28T22:00:00Z,26701.80759259259
2020-12-28T23:00:00Z,26761.049481481477
2020-12-29T00:00:00Z,26817.543074074074
2020-12-29T01:00:00Z,26845.48681481481
2020-12-29T02:00:00Z,26836.240407407404
2020-12-29T03:00:00Z,26693.906999999996
2020-12-29T04:00:00Z,26528.25003703704
2020-12-29T05:00:00Z,26382.799111111115
2020-12-29T06:00:00Z,26279.503777777776
2020-12-29T07:00:00Z,26252.284888888884
2020-12-29T08:00:00Z,26339.588407407402
2020-12-29T09:00:00Z,26459.505925925925
2020-12-29T10:00:00Z,26603.09655555555
2020-12-29T11:00:00Z,26754.693518518514
2020-12-29T12:00:00Z,26872.09514814815
2020-12-29T13:00:00Z,26941.376666666667
2020-12-29T14:00:00Z,26890.523333333334
2020-12-29T15:00:00Z,26764.44151851852
2020-12-29T16:00:00Z,26578.706185185187
2020-12-29T17:00:00Z,26480.939037037035
2020-12-29T18:00:00Z,26462.395074074073
2020-12-29T19:00:00Z,26600.425925925927
2020-12-29T20:00:00Z,26802.83951851851
2020-12-29T21:00:00Z,26954.398296296295
2020-12-29T22:00:00Z,27058.27051851852
2020-12-29T23:00:00Z,27199.746518518525
2020-12-30T00:00:00Z,27417.86333333333
2020-12-30T01:00:00Z,27623.20937037037
2020-12-30T02:00:00Z,27865.357777777772
2020-12-30T03:00:00Z,28063.281111111108
2020-12-30T04:00:00Z,28147.6177037037
2020-12-30T05:00:00Z,28163.641407407402
2020-12-30T06:00:00Z,28236.11555555556
2020-12-30T07:00:00Z,28341.575740740747
2020-12-30T08:00:00Z,28247.06214814815
2020-12-30T09:00:00Z,28063.812814814813
2020-12-30T10:00:00Z,27866.22837037037
2020-12-30T11:00:00Z,27752.71955555555
2020-12-30T12:00:00Z,27738.54851851851
2020-12-30T13:00:00Z,27767.859296296298
2020-12-30T14:00:00Z,27906.616777777777
2020-12-30T15:00:00Z,28063.15870370371
2020-12-30T16:00:00Z,28184.160666666667
2020-12-30T17:00:00Z,28265.745703703706
2020-12-30T18:00:00Z,28383.347777777777
2020-12-30T19:00:00Z,28592.502851851852
2020-12-30T20:00:00Z,28799.969296296298
2020-12-30T21:00:00Z,28969.531925925927
2020-12-30T22:00:00Z,28995.669259259263
2020-12-30T23:00:00Z,28981.29762962963
2020-12-31T00:00:00Z,29023.487333333334
2020-12-31T01:00:00Z,28994.32603703704
2020-12-31T02:00:00Z,28914.51066666667
2020-12-31T03:00:00Z,28896.50144444445
2020-12-31T04:00:00Z,28938.992962962966
2020-12-31T05:00:00Z,29001.915444444447
2020-12-31T06:00:00Z,29009.00951851852
2020-12-31T07:00:00Z,29050.577296296295
2020-12-31T08:00:00Z,29043.209296296292
2020-12-31T09:00:00Z,29035.064222222223
2020-12-31T10:00:00Z,29062.344481481483
2020-12-31T11:00:00Z,29038.12062962963
2020-12-31T12:00:00Z,28921.010444444444
2020-12-31T13:00:00Z,28734.479370370373
2020-12-31T14:00:00Z,28509.200259259258
2020-12-31T15:00:00Z,28468.09866666666
2020-12-31T16:00:00Z,28436.754555555555
2020-12-31T17:00:00Z,28471.22651851852
2020-12-31T18:00:00Z,28609.183666666668
2020-12-31T19:00:00Z,28789.328518518523
2020-12-31T20:00:00Z,29025.806814814816
2020-12-31T21:00:00Z,29155.2727037037
2020-12-31T22:00:00Z,29225.119148148147
2020-12-31T23:00:00Z,29189.49270370371
2021-01-01T00:00:00Z,29136.962629629637
2021-01-01T01:00:00Z,29219.884814814814
2021-01-01T02:00:00Z,29297.552740740746
2021-01-01T03:00:00Z,29381.268370370377
2021-01-01T04:00:00Z,29397.39748148149
2021-01-01T05:00:00Z,29355.45911111111
2021-01-01T06:00:00Z,29297.029814814814
2021-01-01T07:00:00Z,29226.72959259259
2021-01-01T08:00:00Z,29145.20322222222
2021-01-01T09:00:00Z,29136.996222222224
2021-01-01T10:00:00Z,29190.849851851846
2021-01-01T11:00:00Z,29291.479370370373
2021-01-01T12:00:00Z,29360.545888888893
2021-01-01T13:00:00Z,29448.944481481478
2021-01-01T14:00:00Z,29486.430666666663
2021-01-01T15:00:00Z,29444.621037037035
2021-01-01T16:00:00Z,29396.793592592596
2021-01-01T17:00:00Z,29294.767814814815
2021-01-01T18:00:00Z,29196.894851851855
2021-01-01T19:00:00Z,29114.448370370374
2021-01-01T20:00:00Z,29120.079037037034
2021-01-01T21:00:00Z,29169.839888888888
2021-01-01T22:00:00Z,29258.640037037036
2021-01-01T23:00:00Z,29353.715296296297
2021-01-02T00:00:00Z,29380.67507407408
2021-01-02T01:00:00Z,29414.974740740745
2021-01-02T02:00:00Z,29431.581703703705
2021-01-02T03:00:00Z,29450.74540740741
2021-01-02T04:00:00Z,29463.09766666667
2021-01-02T05:00:00Z,29537.31940740741
2021-01-02T06:00:00Z,29668.23985185185
2021-01-02T07:00:00Z,29808.96122222222
2021-01-02T08:00:00Z,29928.66325925926
2021-01-02T09:00:00Z,29925.509000000002
2021-01-02T10:00:00Z,29868.688296296295
2021-01-02T11:00:00Z,29822.014740740735
2021-01-02T12:00:00Z,30053.574666666664
2021-01-02T13:00:00Z,30688.706148148147
2021-01-02T14:00:00Z,31316.56803703704
2021-01-02T15:00:00Z,31853.015925925924
2021-01-02T16:00:00Z,32359.83566666667
2021-01-02T17:00:00Z,32859.745
2021-01-02T18:00:00Z,33272.968148148146
2021-01-02T19:00:00Z,33504.46096296296
2021-01-02T20:00:00Z,32807.80648148148
2021-01-02T21:00:00Z,32034.849000000002
2021-01-02T22:00:00Z,31603.366888888893
2021-01-02T23:00:00Z,31633.964333333337
2021-01-03T00:00:00Z,32004.505666666668
2021-01-03T01:00:00Z,32398.693185185184
2021-01-03T02:00:00Z,32719.080148148147
2021-01-03T03:00:00Z,32854.80755555556
2021-01-03T04:00:00Z,33038.992333333335
2021-01-03T05:00:00Z,33372.468296296305
2021-01-03T06:00:00Z,33799.885814814814
2021-01-03T07:00:00Z,34305.63985185185
2021-01-03T08:00:00Z,34648.20681481482
2021-01-03T09:00:00Z,34731.50096296297
2021-01-03T10:00:00Z,34531.72874074074
2021-01-03T11:00:00Z,34390.89944444445
2021-01-03T12:00:00Z,34268.73574074074
2021-01-03T13:00:00Z,34137.70596296296
2021-01-03T14:00:00Z,34006.200407407414
2021-01-03T15:00:00Z,33785.66222222222
2021-01-03T16:00:00Z,33331.74848148148
2021-01-03T17:00:00Z,32918.306000000004
2021-01-03T18:00:00Z,32612.561592592596
2021-01-03T19:00:00Z,32489.928333333326
2021-01-03T20:00:00Z,32800.733555555555
2021-01-03T21:00:00Z,33226.26029629629
2021-01-03T22:00:00Z,33465.34407407407
2021-01-03T23:00:00Z,33445.73637037037
2021-01-04T00:00:00Z,33215.19362962964
2021-01-04T01:00:00Z,33074.24770370371
2021-01-04T02:00:00Z,33146.204444444455
2021-01-04T03:00:00Z,33364.59211111112
2021-01-04T04:00:00Z,33503.323333333334
2021-01-04T05:00:00Z,33389.543999999994
2021-01-04T06:00:00Z,33255.92844444444
2021-01-04T07:00:00Z,32824.22181481482
2021-01-04T08:00:00Z,32338.289592592595
2021-01-04T09:00:00Z,31625.00466666666
2021-01-04T10:00:00Z,30775.676481481478
2021-01-04T11:00:00Z,30243.99511111111
2021-01-04T12:00:00Z,30228.664333333334
2021-01-04T13:00:00Z,30624.43918518518
2021-01-04T14:00:00Z,31324.716555555555
2021-01-04T15:00:00Z,31839.217629629624
2021-01-04T16:00:00Z,31945.130407407403
2021-01-04T17:00:00Z,31670.419888888882
2021-01-04T18:00:00Z,31320.719888888885
2021-01-04T19:00:00Z,31241.73825925926
2021-01-04T20:00:00Z,31256.097555555552
2021-01-04T21:00:00Z,31231.751777777783
2021-01-04T22:00:00Z,31228.64344444445
2021-01-04T23:00:00Z,31445.16366666667
2021-01-05T00:00:00Z,31902.861000000004
2021-01-05T01:00:00Z,32483.5362962963
2021-01-05T02:00:00Z,32795.40959259259
2021-01-05T03:00:00Z,32478.318777777775
2021-01-05T04:00:00Z,31762.200518518515
2021-01-05T05:00:00Z,30913.775888888893
2021-01-05T06:00:00Z,30503.733407407406
2021-01-05T07:00:00Z,30417.844851851853
2021-01-05T08:00:00Z,30645.273222222222
2021-01-05T09:00:00Z,31049.458000000002
2021-01-05T10:00:00Z,31356.51951851852
2021-01-05T11:00:00Z,31657.198777777772
2021-01-05T12:00:00Z,31797.851592592593
2021-01-05T13:00:00Z,31789.004814814816
2021-01-05T14:00:00Z,31962.220222222222
2021-01-05T15:00:00Z,32149.140592592594
2021-01-05T16:00:00Z,32417.130185185186
2021-01-05T17:00:00Z,32708.53651851852
2021-01-05T18:00:00Z,33111.718962962965
2021-01-05T19:00:00Z,33591.12796296296
2021-01-05T20:00:00Z,34050.95396296296
2021-01-05T21:00:00Z,34272.68725925926
2021-01-05T22:00:00Z,34411.1935925926
2021-01-05T23:00:00Z,34395.555222222225
2021-01-06T00:00:00Z,34294.52540740741
2021-01-06T01:00:00Z,34133.95081481482
2021-01-06T02:00:00Z,33998.15818518519
2021-01-06T03:00:00Z,34003.186888888886
2021-01-06T04:00:00Z,34469.39666666667
2021-01-06T05:00:00Z,34992.32166666666
2021-01-06T06:00:00Z,35415.62566666667
2021-01-06T07:00:00Z,35453.482740740736
2021-01-06T08:00:00Z,35199.41607407408
2021-01-06T09:00:00Z,34687.368037037035
2021-01-06T10:00:00Z,34342.82162962963
2021-01-06T11:00:00Z,34374.774296296295
2021-01-06T12:00:00Z,34645.272296296294
2021-01-06T13:00:00Z,34845.65188888888
2021-01-06T14:00:00Z,34776.89133333333
2021-01-06T15:00:00Z,34654.00833333333
2021-01-06T16:00:00Z,34585.04744444444
2021-01-06T17:00:00Z,34705.63707407407
2021-01-06T18:00:00Z,34991.36414814815
2021-01-06T19:00:00Z,35156.12377777778
2021-01-06T20:00:00Z,35535.267629629634
2021-01-06T21:00:00Z,35891.1025925926
2021-01-06T22:00:00Z,36195.8635925926
2021-01-06T23:00:00Z,36581.62133333334
2021-01-07T00:00:00Z,37023.229259259264
2021-01-07T01:00:00Z,37327.502888888885
2021-01-07T02:00:00Z,37449.36274074074
2021-01-07T03:00:00Z,37556.19633333333
2021-01-07T04:00:00Z,37654.829629629625
2021-01-07T05:00:00Z,37722.2738888889
2021-01-07T06:00:00Z,37644.049296296296
2021-01-07T07:00:00Z,37377.41618518519
2021-01-07T08:00:00Z,37180.19196296296
2021-01-07T09:00:00Z,37190.359740740736
2021-01-07T10:00:00Z,37208.51966666667
2021-01-07T11:00:00Z,37432.32922222223
2021-01-07T12:00:00Z,37733.26233333334
2021-01-07T13:00:00Z,38079.498592592594
2021-01-07T14:00:00Z,38427.241444444444
2021-01-07T15:00:00Z,38800.69618518519
2021-01-07T16:00:00Z,39146.71129629629
2021-01-07T17:00:00Z,39564.11374074074
2021-01-07T18:00:00Z,39664.391444444445
2021-01-07T19:00:00Z,39558.17166666667
2021-01-07T20:00:00Z,39368.94225925926
2021-01-07T21:00:00Z,39393.20385185186
2021-01-07T22:00:00Z,39567.321407407406
2021-01-07T23:00:00Z,39690.43537037037
2021-01-08T00:00:00Z,39510.51892592592
2021-01-08T01:00:00Z,39126.46748148148
2021-01-08T02:00:00Z,38310.495481481485
2021-01-08T03:00:00Z,37837.55618518518
2021-01-08T04:00:00Z,37831.00003703704
2021-01-08T05:00:00Z,37939.54148148149
2021-01-08T06:00:00Z,38203.229259259264
2021-01-08T07:00:00Z,38517.708259259256
2021-01-08T08:00:00Z,38747.22344444444
2021-01-08T09:00:00Z,39075.00037037038
2021-01-08T10:00:00Z,39765.76974074075
2021-01-08T11:00:00Z,40684.03859259259
2021-01-08T12:00:00Z,41502.89225925925
2021-01-08T13:00:00Z,41954.57951851852
2021-01-08T14:00:00Z,42066.98129629629
2021-01-08T15:00:00Z,41800.11462962963
2021-01-08T16:00:00Z,41551.59262962963
2021-01-08T17:00:00Z,41295.961851851855
2021-01-08T18:00:00Z,40784.31870370371
2021-01-08T19:00:00Z,40361.60292592593
2021-01-08T20:00:00Z,39707.106740740746
2021-01-08T21:00:00Z,39434.187000000005
2021-01-08T22:00:00Z,39661.2077037037
2021-01-08T23:00:00Z,40135.683
2021-01-09T00:00:00Z,40487.608925925924
2021-01-09T01:00:00Z,40557.01911111111
2021-01-09T02:00:00Z,40381.590444444446
2021-01-09T03:00:00Z,40222.70918518518
2021-01-09T04:00:00Z,40159.70392592592
2021-01-09T05:00:00Z,39902.00637037037
2021-01-09T06:00:00Z,39477.42203703703
2021-01-09T07:00:00Z,39239.640481481474
2021-01-09T08:00:00Z,39398.49785185184
2021-01-09T09:00:00Z,39835.72229629629
2021-01-09T10:00:00Z,40290.84207407408
2021-01-09T11:00:00Z,40628.73562962963
2021-01-09T12:00:00Z,40884.80707407407
2021-01-09T13:00:00Z,41114.589037037025
2021-01-09T14:00:00Z,41207.348222222216
2021-01-09T15:00:00Z,41096.27255555555
2021-01-09T16:00:00Z,40730.84381481481
2021-01-09T17:00:00Z,40442.12518518518
2021-01-09T18:00:00Z,40375.44651851852
2021-01-09T19:00:00Z,40492.45240740741
2021-01-09T20:00:00Z,40662.765999999996
2021-01-09T21:00:00Z,40807.14751851852
2021-01-09T22:00:00Z,40770.99762962963
2021-01-09T23:00:00Z,40580.69562962964
2021-01-10T00:00:00Z,40482.342888888896
2021-01-10T01:00:00Z,40656.751851851855
2021-01-10T02:00:00Z,40931.679814814815
2021-01-10T03:00:00Z,40979.87466666667
2021-01-10T04:00:00Z,40821.044481481484
2021-01-10T05:00:00Z,40611.17681481481
2021-01-10T06:00:00Z,40622.33355555555
2021-01-10T07:00:00Z,40809.88085185185
2021-01-10T08:00:00Z,40974.66392592592
2021-01-10T09:00:00Z,41018.155555555546
2021-01-10T10:00:00Z,40864.095074074066
2021-01-10T11:00:00Z,40270.950740740744
2021-01-10T12:00:00Z,39696.41981481482
2021-01-10T13:00:00Z,39382.84988888889
2021-01-10T14:00:00Z,39273.546444444444
2021-01-10T15:00:00Z,39368.79899999999
2021-01-10T16:00:00Z,39371.498555555554
2021-01-10T17:00:00Z,39120.20251851852
2021-01-10T18:00:00Z,38618.26988888889
2021-01-10T19:00:00Z,37896.66696296297
2021-01-10T20:00:00Z,37388.88781481481
2021-01-10T21:00:00Z,37283.69651851852
2021-01-10T22:00:00Z,37600.74037037037
2021-01-10T23:00:00Z,37970.7421851852
2021-01-11T00:00:00Z,37922.81674074074
2021-01-11T01:00:00Z,37606.1282962963
2021-01-11T02:00:00Z,36966.4158888889
2021-01-11T03:00:00Z,36110.94955555556
2021-01-11T04:00:00Z,35396.545407407415
2021-01-11T05:00:00Z,34789.890259259264
2021-01-11T06:00:00Z,33781.37855555556
2021-01-11T07:00:00Z,33274.449222222225
2021-01-11T08:00:00Z,33551.7605925926
2021-01-11T09:00:00Z,34434.433814814816
2021-01-11T10:00:00Z,35277.77959259259
2021-01-11T11:00:00Z,35330.669481481484
2021-01-11T12:00:00Z,34887.734777777776
2021-01-11T13:00:00Z,33892.64318518519
2021-01-11T14:00:00Z,33120.22192592593
2021-01-11T15:00:00Z,32193.20248148148
2021-01-11T16:00:00Z,31507.017444444442
2021-01-11T17:00:00Z,31465.20062962963
2021-01-11T18:00:00Z,31781.528296296292
2021-01-11T19:00:00Z,32131.662814814812
2021-01-11T20:00:00Z,32638.515851851855
2021-01-11T21:00:00Z,33276.733296296305
2021-01-11T22:00:00Z,34014.86474074075
2021-01-11T23:00:00Z,34909.659740740746
2021-01-12T00:00:00Z,35457.77362962963
2021-01-12T01:00:00Z,35447.70514814815
2021-01-12T02:00:00Z,35103.27818518518
2021-01-12T03:00:00Z,34866.88881481481
2021-01-12T04:00:00Z,34927.85862962963
2021-01-12T05:00:00Z,35344.87111111111
2021-01-12T06:00:00Z,35846.07537037037
2021-01-12T07:00:00Z,36334.03225925926
2021-01-12T08:00:00Z,36457.7217037037
2021-01-12T09:00:00Z,36355.66414814814
2021-01-12T10:00:00Z,35894.79214814815
2021-01-12T11:00:00Z,35473.10448148148
2021-01-12T12:00:00Z,35102.636740740745
2021-01-12T13:00:00Z,34355.741814814806
2021-01-12T14:00:00Z,33602.46677777778
2021-01-12T15:00:00Z,33161.81466666666
2021-01-12T16:00:00Z,33476.56451851851
2021-01-12T17:00:00Z,34183.00074074075
2021-01-12T18:00:00Z,34854.24025925926
2021-01-12T19:00:00Z,35128.690777777774
2021-01-12T20:00:00Z,34959.76833333332
2021-01-12T21:00:00Z,34752.5807037037
2021-01-12T22:00:00Z,34340.129629629635
2021-01-12T23:00:00Z,34031.92833333334
2021-01-13T00:00:00Z,33374.54244444444
2021-01-13T01:00:00Z,32881.24914814814
2021-01-13T02:00:00Z,32607.822407407406
2021-01-13T03:00:00Z,32815.718074074066
2021-01-13T04:00:00Z,33076.06792592592
2021-01-13T05:00:00Z,33267.117629629625
2021-01-13T06:00:00Z,33472.56451851851
2021-01-13T07:00:00Z,34003.964481481475
2021-01-13T08:00:00Z,34514.4642962963
2021-01-13T09:00:00Z,34781.597074074074
2021-01-13T10:00:00Z,34943.349037037035
2021-01-13T11:00:00Z,34853.42481481482
2021-01-13T12:00:00Z,34651.753777777776
2021-01-13T13:00:00Z,34509.12948148148
2021-01-13T14:00:00Z,34361.05948148148
2021-01-13T15:00:00Z,34390.02537037037
2021-01-13T16:00:00Z,34534.43177777777
2021-01-13T17:00:00Z,34715.19618518519
2021-01-13T18:00:00Z,35124.063629629636
2021-01-13T19:00:00Z,35639.40696296297
2021-01-13T20:00:00Z,36157.9005925926
2021-01-13T21:00:00Z,36816.64111111112
2021-01-13T22:00:00Z,37342.86633333334
2021-01-13T23:00:00Z,37705.469370370374
2021-01-14T00:00:00Z,37961.41414814815
2021-01-14T01:00:00Z,37986.79725925926
2021-01-14T02:00:00Z,37875.83048148148
2021-01-14T03:00:00Z,37585.19122222222
2021-01-14T04:00:00Z,37412.209037037035
2021-01-14T05:00:00Z,37382.4874074074
2021-01-14T06:00:00Z,37547.69618518519
2021-01-14T07:00:00Z,37875.928185185185
2021-01-14T08:00:00Z,38230.952
2021-01-14T09:00:00Z,38365.34377777778
2021-01-14T10:00:00Z,38468.21418518519
2021-01-14T11:00:00Z,38496.7038888889
2021-01-14T12:00:00Z,38473.709851851854
2021-01-14T13:00:00Z,38642.561296296306
2021-01-14T14:00:00Z,39048.01455555556
2021-01-14T15:00:00Z,39482.799111111104
2021-01-14T16:00:00Z,39692.13296296296
2021-01-14T17:00:00Z,39702.997518518525
2021-01-14T18:00:00Z,39576.57951851852
2021-01-14T19:00:00Z,39608.09618518519
2021-01-14T20:00:00Z,39581.31800000001
2021-01-14T21:00:00Z,39339.42414814815
2021-01-14T22:00:00Z,39053.15162962963
2021-01-14T23:00:00Z,38888.478851851854
2021-01-15T00:00:00Z,38982.797222222216
2021-01-15T01:00:00Z,39110.09737037037
2021-01-15T02:00:00Z,39214.573000000004
2021-01-15T03:00:00Z,39080.138
2021-01-15T04:00:00Z,38774.20007407407
2021-01-15T05:00:00Z,38280.39337037037
2021-01-15T06:00:00Z,37890.473629629625
2021-01-15T07:00:00Z,37828.790962962965
2021-01-15T08:00:00Z,37947.17203703704
2021-01-15T09:00:00Z,38246.141370370366
2021-01-15T10:00:00Z,38450.444592592576
2021-01-15T11:00:00Z,38433.99466666666
2021-01-15T12:00:00Z,38187.784518518514
2021-01-15T13:00:00Z,37845.2122962963
2021-01-15T14:00:00Z,37350.61325925926
2021-01-15T15:00:00Z,36510.088851851855
2021-01-15T16:00:00Z,35869.56637037037
2021-01-15T17:00:00Z,35489.30977777778
2021-01-15T18:00:00Z,35275.484814814816
2021-01-15T19:00:00Z,35114.256148148146
2021-01-15T20:00:00Z,35099.381148148146
2021-01-15T21:00:00Z,35404.61118518518
2021-01-15T22:00:00Z,35952.61522222223
2021-01-15T23:00:00Z,36526.52840740741
2021-01-16T00:00:00Z,37034.28922222223
2021-01-16T01:00:00Z,37308.693333333336
2021-01-16T02:00:00Z,37133.72396296297
2021-01-16T03:00:00Z,36834.10807407408
2021-01-16T04:00:00Z,36568.40348148147
2021-01-16T05:00:00Z,36247.444296296286
2021-01-16T06:00:00Z,36049.80718518517
2021-01-16T07:00:00Z,36081.916592592584
2021-01-16T08:00:00Z,36533.3251111111
2021-01-16T09:00:00Z,37116.49914814815
2021-01-16T10:00:00Z,37565.64237037036
2021-01-16T11:00:00Z,37833.09855555555
2021-01-16T12:00:00Z,37832.74903703703
2021-01-16T13:00:00Z,37642.387074074075
2021-01-16T14:00:00Z,37411.38414814814
2021-01-16T15:00:00Z,37308.70574074074
2021-01-16T16:00:00Z,37260.750185185185
2021-01-16T17:00:00Z,37147.05911111112
2021-01-16T18:00:00Z,36876.787074074084
2021-01-16T19:00:00Z,36544.011000000006
2021-01-16T20:00:00Z,36396.41418518519
2021-01-16T21:00:00Z,36181.95144444444
2021-01-16T22:00:00Z,36043.70592592592
2021-01-16T23:00:00Z,35917.78407407407
2021-01-17T00:00:00Z,35970.521037037026
2021-01-17T01:00:00Z,36229.951111111106
2021-01-17T02:00:00Z,36437.76203703703
2021-01-17T03:00:00Z,36472.98366666666
2021-01-17T04:00:00Z,36267.48266666666
2021-01-17T05:00:00Z,35910.19803703704
2021-01-17T06:00:00Z,35537.94962962962
2021-01-17T07:00:00Z,35092.285888888895
2021-01-17T08:00:00Z,34707.6
2021-01-17T09:00:00Z,34297.459074074075
2021-01-17T10:00:00Z,34196.61644444445
2021-01-17T11:00:00Z,34460.86003703705
2021-01-17T12:00:00Z,34838.50907407408
2021-01-17T13:00:00Z,35058.959444444445
2021-01-17T14:00:00Z,35044.05096296297
2021-01-17T15:00:00Z,35204.76466666667
2021-01-17T16:00:00Z,35527.73077777779
2021-01-17T17:00:00Z,35862.70574074075
2021-01-17T18:00:00Z,36010.492777777785
2021-01-17T19:00:00Z,35953.06377777778
2021-01-17T20:00:00Z,35945.23111111111
2021-01-17T21:00:00Z,36141.03792592592
2021-01-17T22:00:00Z,36315.707888888894
2021-01-17T23:00:00Z,36287.95955555556
2021-01-18T00:00:00Z,36146.80503703704
2021-01-18T01:00:00Z,36038.68388888889
2021-01-18T02:00:00Z,35917.31733333333
2021-01-18T03:00:00Z,35612.7867037037
2021-01-18T04:00:00Z,35263.97518518518
2021-01-18T05:00:00Z,35054.200185185175
2021-01-18T06:00:00Z,34989.21659259259
2021-01-18T07:00:00Z,35297.90651851851
2021-01-18T08:00:00Z,35757.270444444446
2021-01-18T09:00:00Z,36277.9557037037
2021-01-18T10:00:00Z,36551.64344444444
2021-01-18T11:00:00Z,36647.615
2021-01-18T12:00:00Z,36790.23051851851
2021-01-18T13:00:00Z,36897.73977777777
2021-01-18T14:00:00Z,36876.04474074074
2021-01-18T15:00:00Z,36726.99566666666
2021-01-18T16:00:00Z,36476.794370370364
2021-01-18T17:00:00Z,36108.42485185184
2021-01-18T18:00:00Z,35798.614370370364
2021-01-18T19:00:00Z,35667.47418518518
2021-01-18T20:00:00Z,35740.56351851852
2021-01-18T21:00:00Z,35948.204703703705
2021-01-18T22:00:00Z,36226.18151851852
2021-01-18T23:00:00Z,36495.11525925926
2021-01-19T00:00:00Z,36703.16074074075
2021-01-19T01:00:00Z,36886.6002962963
2021-01-19T02:00:00Z,36986.28022222223
2021-01-19T03:00:00Z,36913.273555555556
2021-01-19T04:00:00Z,36695.08633333333
2021-01-19T05:00:00Z,36439.70292592593
2021-01-19T06:00:00Z,36367.184629629635
2021-01-19T07:00:00Z,36610.12207407408
2021-01-19T08:00:00Z,36973.31544444445
2021-01-19T09:00:00Z,37235.35881481482
2021-01-19T10:00:00Z,37329.29622222222
2021-01-19T11:00:00Z,37355.77018518519
2021-01-19T12:00:00Z,37213.60074074074
2021-01-19T13:00:00Z,37115.502925925925
2021-01-19T14:00:00Z,37037.36533333333
2021-01-19T15:00:00Z,37102.02440740741
2021-01-19T16:00:00Z,37247.24766666667
2021-01-19T17:00:00Z,37321.14570370372
2021-01-19T18:00:00Z,37103.021629629635
2021-01-19T19:00:00Z,36692.16511111111
2021-01-19T20:00:00Z,36357.38659259259
2021-01-19T21:00:00Z,36208.145000000004
2021-01-19T22:00:00Z,36288.38792592593
2021-01-19T23:00:00Z,36230.04396296296
2021-01-20T00:00:00Z,36197.62577777778
2021-01-20T01:00:00Z,36120.35466666667
2021-01-20T02:00:00Z,36063.153259259256
2021-01-20T03:00:00Z,35732.42377777777
2021-01-20T04:00:00Z,35365.12296296296
2021-01-20T05:00:00Z,35158.72240740741
2021-01-20T06:00:00Z,35090.142481481475
2021-01-20T07:00:00Z,35255.55962962963
2021-01-20T08:00:00Z,35409.26437037037
2021-01-20T09:00:00Z,35306.66714814815
2021-01-20T10:00:00Z,35037.80918518519
2021-01-20T11:00:00Z,34654.20355555556
2021-01-20T12:00:00Z,34440.940888888894
2021-01-20T13:00:00Z,34488.13688888889
2021-01-20T14:00:00Z,34659.43266666667
2021-01-20T15:00:00Z,34622.657555555554
2021-01-20T16:00:00Z,34580.9467037037
2021-01-20T17:00:00Z,34605.38511111111
2021-01-20T18:00:00Z,34832.73496296297
2021-01-20T19:00:00Z,35106.27837037038
2021-01-20T20:00:00Z,35223.70177777777
2021-01-20T21:00:00Z,35176.15396296296
2021-01-20T22:00:00Z,35068.52003703704
2021-01-20T23:00:00Z,35145.98714814815
2021-01-21T00:00:00Z,35270.55033333333
2021-01-21T01:00:00Z,35225.201
2021-01-21T02:00:00Z,34985.960185185184
2021-01-21T03:00:00Z,34692.2148888889
2021-01-21T04:00:00Z,34384.10214814816
2021-01-21T05:00:00Z,34268.56825925927
2021-01-21T06:00:00Z,34319.42055555555
2021-01-21T07:00:00Z,34441.37648148148
2021-01-21T08:00:00Z,34143.61218518518
2021-01-21T09:00:00Z,33530.2614074074
2021-01-21T10:00:00Z,32885.37677777777
2021-01-21T11:00:00Z,32281.023296296287
2021-01-21T12:00:00Z,32000.689518518524
2021-01-21T13:00:00Z,31909.149666666664
2021-01-21T14:00:00Z,31582.76014814815
2021-01-21T15:00:00Z,31263.34637037038
2021-01-21T16:00:00Z,30928.845333333342
2021-01-21T17:00:00Z,30998.145222222225
2021-01-21T18:00:00Z,31275.113555555552
2021-01-21T19:00:00Z,31799.74303703704
2021-01-21T20:00:00Z,32116.922666666665
2021-01-21T21:00:00Z,31992.271629629624
2021-01-21T22:00:00Z,31536.536296296294
2021-01-21T23:00:00Z,31015.827962962958
2021-01-22T00:00:00Z,30259.461222222224
2021-01-22T01:00:00Z,29751.05662962963
2021-01-22T02:00:00Z,29727.77922222223
2021-01-22T03:00:00Z,30123.399740740744
2021-01-22T04:00:00Z,30641.070629629638
2021-01-22T05:00:00Z,31264.15140740741
2021-01-22T06:00:00Z,31679.156185185187
2021-01-22T07:00:00Z,31654.6742962963
2021-01-22T08:00:00Z,31571.078407407407
2021-01-22T09:00:00Z,31458.053333333333
2021-01-22T10:00:00Z,31422.160481481482
2021-01-22T11:00:00Z,31533.3937037037
2021-01-22T12:00:00Z,31623.12359259259
2021-01-22T13:00:00Z,31856.709666666666
2021-01-22T14:00:00Z,32223.594555555563
2021-01-22T15:00:00Z,32553.09681481482
2021-01-22T16:00:00Z,32717.557814814816
2021-01-22T17:00:00Z,32696.707777777778
2021-01-22T18:00:00Z,32872.85833333334
2021-01-22T19:00:00Z,33253.866962962966
2021-01-22T20:00:00Z,33629.17722222223
2021-01-22T21:00:00Z,33775.285555555565
2021-01-22T22:00:00Z,33560.35548148149
2021-01-22T23:00:00Z,33244.77659259259
2021-01-23T00:00:00Z,32914.29407407407
2021-01-23T01:00:00Z,32697.51044444444
2021-01-23T02:00:00Z,32464.05729629629
2021-01-23T03:00:00Z,32301.130962962954
2021-01-23T04:00:00Z,32287.431074074066
2021-01-23T05:00:00Z,32607.860888888885
2021-01-23T06:00:00Z,32898.22007407407
2021-01-23T07:00:00Z,33086.85937037036
2021-01-23T08:00:00Z,33127.195037037025
2021-01-23T09:00:00Z,32940.05296296297
2021-01-23T10:00:00Z,32661.66188888889
2021-01-23T11:00:00Z,32194.205962962966
2021-01-23T12:00:00Z,31745.743666666665
2021-01-23T13:00:00Z,31516.00140740741
2021-01-23T14:00:00Z,31467.408148148144
2021-01-23T15:00:00Z,31580.95222222222
2021-01-23T16:00:00Z,31803.609518518515
2021-01-23T17:00:00Z,32059.501592592598
2021-01-23T18:00:00Z,32246.658481481485
2021-01-23T19:00:00Z,32385.43285185185
2021-01-23T20:00:00Z,32406.576259259262
2021-01-23T21:00:00Z,32406.89766666667
2021-01-23T22:00:00Z,32317.09822222222
2021-01-23T23:00:00Z,32207.230037037032
2021-01-24T00:00:00Z,32053.727999999992
2021-01-24T01:00:00Z,31917.794444444444
2021-01-24T02:00:00Z,31899.947407407413
2021-01-24T03:00:00Z,32072.56577777778
2021-01-24T04:00:00Z,32426.263740740746
2021-01-24T05:00:00Z,32780.69188888889
2021-01-24T06:00:00Z,32982.74974074074
2021-01-24T07:00:00Z,33028.02418518518
2021-01-24T08:00:00Z,32932.92074074074
2021-01-24T09:00:00Z,32805.98303703704
2021-01-24T10:00:00Z,32723.513074074086
2021-01-24T11:00:00Z,32733.675629629626
2021-01-24T12:00:00Z,32662.264
2021-01-24T13:00:00Z,32499.272259259258
2021-01-24T14:00:00Z,32263.878629629628
2021-01-24T15:00:00Z,32031.49118518518
2021-01-24T16:00:00Z,31820.75214814815
2021-01-24T17:00:00Z,31714.24981481481
2021-01-24T18:00:00Z,31692.975962962966
2021-01-24T19:00:00Z,31570.752703703707
2021-01-24T20:00:00Z,31516.00218518519
2021-01-24T21:00:00Z,31583.94381481482
2021-01-24T22:00:00Z,31803.909740740743
2021-01-24T23:00:00Z,32094.29714814815
2021-01-25T00:00:00Z,32410.27148148148
2021-01-25T01:00:00Z,32730.895148148145
2021-01-25T02:00:00Z,32944.549962962956
2021-01-25T03:00:00Z,33267.1
2021-01-25T04:00:00Z,33511.03340740741
2021-01-25T05:00:00Z,33638.34537037038
2021-01-25T06:00:00Z,33679.510185185194
2021-01-25T07:00:00Z,33616.41314814815
2021-01-25T08:00:00Z,33554.78711111111
2021-01-25T09:00:00Z,33369.05774074074
2021-01-25T10:00:00Z,33198.013666666666
2021-01-25T11:00:00Z,33093.04833333333
2021-01-25T12:00:00Z,33378.71574074074
2021-01-25T13:00:00Z,33945.463851851855
2021-01-25T14:00:00Z,34472.9075925926
2021-01-25T15:00:00Z,34772.6725925926
2021-01-25T16:00:00Z,34648.84855555556
2021-01-25T17:00:00Z,34290.478962962974
2021-01-25T18:00:00Z,33885.447222222225
2021-01-25T19:00:00Z,33531.091222222225
2021-01-25T20:00:00Z,33323.05492592592
2021-01-25T21:00:00Z,33027.6632962963
2021-01-25T22:00:00Z,32668.988777777777
2021-01-25T23:00:00Z,32296.7087037037
2021-01-26T00:00:00Z,32112.27925925925
2021-01-26T01:00:00Z,32197.100444444444
2021-01-26T02:00:00Z,32294.60188888889
2021-01-26T03:00:00Z,32106.238074074074
2021-01-26T04:00:00Z,31905.941407407405
2021-01-26T05:00:00Z,31804.262370370372
2021-01-26T06:00:00Z,31713.70433333334
2021-01-26T07:00:00Z,31650.802703703706
2021-01-26T08:00:00Z,31656.568222222224
2021-01-26T09:00:00Z,31703.354740740742
2021-01-26T10:00:00Z,31903.883592592592
2021-01-26T11:00:00Z,31999.1302962963
2021-01-26T12:00:00Z,31839.41840740741
2021-01-26T13:00:00Z,31684.069592592594
2021-01-26T14:00:00Z,31458.95285185185
2021-01-26T15:00:00Z,31439.80296296296
2021-01-26T16:00:00Z,31610.491296296288
2021-01-26T17:00:00Z,31911.53099999999
2021-01-26T18:00:00Z,32208.908037037032
2021-01-26T19:00:00Z,32381.841296296294
2021-01-26T20:00:00Z,32361.715777777776
2021-01-26T21:00:00Z,32232.315185185184
2021-01-26T22:00:00Z,32322.54007407407
2021-01-26T23:00:00Z,32465.543185185186
2021-01-27T00:00:00Z,32561.83411111111
2021-01-27T01:00:00Z,32478.950111111113
2021-01-27T02:00:00Z,32212.35785185185
2021-01-27T03:00:00Z,31935.754148148146
2021-01-27T04:00:00Z,31773.019185185185
2021-01-27T05:00:00Z,31629.51325925926
2021-01-27T06:00:00Z,31572.42540740741
2021-01-27T07:00:00Z,31597.551333333337
2021-01-27T08:00:00Z,31494.01874074074
2021-01-27T09:00:00Z,31348.21525925926
2021-01-27T10:00:00Z,31252.568222222228
2021-01-27T11:00:00Z,31021.29496296297
2021-01-27T12:00:00Z,30811.788851851856
2021-01-27T13:00:00Z,30507.871777777782
2021-01-27T14:00:00Z,30016.24448148148
2021-01-27T15:00:00Z,29811.88625925926
2021-01-27T16:00:00Z,29913.806407407406
2021-01-27T17:00:00Z,30203.025111111114
2021-01-27T18:00:00Z,30239.275259259255
2021-01-27T19:00:00Z,30377.889148148144
2021-01-27T20:00:00Z,30848.225629629625
2021-01-27T21:00:00Z,31229.207703703694
2021-01-27T22:00:00Z,31293.06792592593
2021-01-27T23:00:00Z,30996.021037037044
2021-01-28T00:00:00Z,30704.15759259259
2021-01-28T01:00:00Z,30639.809444444447
2021-01-28T02:00:00Z,30787.425333333333
2021-01-28T03:00:00Z,31110.552851851855
2021-01-28T04:00:00Z,31381.957259259256
2021-01-28T05:00:00Z,31664.973444444437
2021-01-28T06:00:00Z,31810.122111111104
2021-01-28T07:00:00Z,31711.98507407407
2021-01-28T08:00:00Z,31463.37714814815
2021-01-28T09:00:00Z,31315.929925925928
2021-01-28T10:00:00Z,31320.248518518518
2021-01-28T11:00:00Z,31405.987851851853
2021-01-28T12:00:00Z,31490.20937037037
2021-01-28T13:00:00Z,31614.52122222222
2021-01-28T14:00:00Z,31770.88922222222
2021-01-28T15:00:00Z,31942.625555555558
2021-01-28T16:00:00Z,32213.049222222224
2021-01-28T17:00:00Z,32422.476407407416
2021-01-28T18:00:00Z,32643.3815925926
2021-01-28T19:00:00Z,32780.67048148148
2021-01-28T20:00:00Z,32832.66796296296
2021-01-28T21:00:00Z,33003.53803703703
2021-01-28T22:00:00Z,33294.224814814814
2021-01-28T23:00:00Z,33568.473333333335
2021-01-29T00:00:00Z,33950.04355555555
2021-01-29T01:00:00Z,34201.50674074074
2021-01-29T02:00:00Z,34339.80066666667
2021-01-29T03:00:00Z,34275.37318518519
2021-01-29T04:00:00Z,33891.23996296297
2021-01-29T05:00:00Z,33411.147629629624
2021-01-29T06:00:00Z,32866.615259259255
2021-01-29T07:00:00Z,32398.965111111105
2021-01-29T08:00:00Z,33309.640370370376
2021-01-29T09:00:00Z,35042.77825925926
2021-01-29T10:00:00Z,36709.20885185186
2021-01-29T11:00:00Z,37782.31211111112
2021-01-29T12:00:00Z,38344.18903703703
2021-01-29T13:00:00Z,38725.095962962965
2021-01-29T14:00:00Z,38593.95937037037
2021-01-29T15:00:00Z,38154.59525925926
2021-01-29T16:00:00Z,37260.36570370371
2021-01-29T17:00:00Z,36303.74574074074
2021-01-29T18:00:00Z,35450.95285185185
2021-01-29T19:00:00Z,34630.46122222222
2021-01-29T20:00:00Z,34133.27622222223
2021-01-29T21:00:00Z,33964.842851851856
2021-01-29T22:00:00Z,34030.55111111112
2021-01-29T23:00:00Z,34110.08748148149
2021-01-30T00:00:00Z,34143.55874074075
2021-01-30T01:00:00Z,34106.166407407414
2021-01-30T02:00:00Z,33980.53848148148
2021-01-30T03:00:00Z,33676.90518518519
2021-01-30T04:00:00Z,33407.44688888889
2021-01-30T05:00:00Z,33260.78118518517
2021-01-30T06:00:00Z,33353.46625925925
2021-01-30T07:00:00Z,33630.14722222222
2021-01-30T08:00:00Z,33877.57918518519
2021-01-30T09:00:00Z,34125.20333333333
2021-01-30T10:00:00Z,34315.48803703703
2021-01-30T11:00:00Z,34238.25788888888
2021-01-30T12:00:00Z,34043.27437037037
2021-01-30T13:00:00Z,33977.56344444445
2021-01-30T14:00:00Z,34054.070222222224
2021-01-30T15:00:00Z,34200.400148148154
2021-01-30T16:00:00Z,34221.53400000001
2021-01-30T17:00:00Z,34221.390629629626
2021-01-30T18:00:00Z,34253.58051851852
2021-01-30T19:00:00Z,34309.25437037038
2021-01-30T20:00:00Z,34319.27411111112
2021-01-30T21:00:00Z,34429.63611111111
2021-01-30T22:00:00Z,34553.16933333333
2021-01-30T23:00:00Z,34573.820925925924
2021-01-31T00:00:00Z,34443.16437037037
2021-01-31T01:00:00Z,34278.64007407407
2021-01-31T02:00:00Z,34036.08392592593
2021-01-31T03:00:00Z,33877.65103703704
2021-01-31T04:00:00Z,33841.49748148147
2021-01-31T05:00:00Z,33805.859222222214
2021-01-31T06:00:00Z,33744.35333333333
2021-01-31T07:00:00Z,33645.36822222222
2021-01-31T08:00:00Z,33559.24292592593
2021-01-31T09:00:00Z,33427.08381481481
2021-01-31T10:00:00Z,33413.97103703703
2021-01-31T11:00:00Z,33451.33133333333
2021-01-31T12:00:00Z,33642.68322222223
2021-01-31T13:00:00Z,33780.36403703704
2021-01-31T14:00:00Z,33727.35337037037
2021-01-31T15:00:00Z,33423.96200000001
2021-01-31T16:00:00Z,33065.02881481482
2021-01-31T17:00:00Z,32628.361629629628
2021-01-31T18:00:00Z,32326.576222222222
2021-01-31T19:00:00Z,32304.542481481476
2021-01-31T20:00:00Z,32477.157592592597
2021-01-31T21:00:00Z,32630.209666666673
2021-01-31T22:00:00Z,32806.15659259259
2021-01-31T23:00:00Z,32978.12040740741
2021-02-01T00:00:00Z,32962.71125925925
2021-02-01T01:00:00Z,33093.43074074073
2021-02-01T02:00:00Z,33337.75151851851
2021-02-01T03:00:00Z,33594.42240740741
2021-02-01T04:00:00Z,33761.77922222223
2021-02-01T05:00:00Z,33854.65418518519
2021-02-01T06:00:00Z,33816.758518518516
2021-02-01T07:00:00Z,33811.67596296296
2021-02-01T08:00:00Z,34029.646074074066
2021-02-01T09:00:00Z,34295.37562962962
2021-02-01T10:00:00Z,34452.589814814804
2021-02-01T11:00:00Z,34455.31503703704
2021-02-01T12:00:00Z,34227.47929629629
2021-02-01T13:00:00Z,33932.10155555556
2021-02-01T14:00:00Z,33643.08759259259
2021-02-01T15:00:00Z,33336.09607407408
2021-02-01T16:00:00Z,33192.72474074075
2021-02-01T17:00:00Z,33347.92759259259
2021-02-01T18:00:00Z,33581.86740740741
2021-02-01T19:00:00Z,33802.89385185185
2021-02-01T20:00:00Z,33908.84088888889
2021-02-01T21:00:00Z,33872.86907407407
2021-02-01T22:00:00Z,33753.646
2021-02-01T23:00:00Z,33614.35451851852
2021-02-02T00:00:00Z,33584.73196296297
2021-02-02T01:00:00Z,33636.540592592595
2021-02-02T02:00:00Z,33695.68325925926
2021-02-02T03:00:00Z,33691.910074074076
2021-02-02T04:00:00Z,33736.65955555555
2021-02-02T05:00:00Z,33849.770740740736
2021-02-02T06:00:00Z,34070.46885185186
2021-02-02T07:00:00Z,34270.86088888889
2021-02-02T08:00:00Z,34514.02411111111
2021-02-02T09:00:00Z,34909.08118518518
2021-02-02T10:00:00Z,35244.771222222225
2021-02-02T11:00:00Z,35307.37507407408
2021-02-02T12:00:00Z,35174.50822222222
2021-02-02T13:00:00Z,34989.39492592593
2021-02-02T14:00:00Z,34858.398629629635
2021-02-02T15:00:00Z,34785.02622222223
2021-02-02T16:00:00Z,34815.92177777778
2021-02-02T17:00:00Z,34857.49137037037
2021-02-02T18:00:00Z,35022.8935925926
2021-02-02T19:00:00Z,35355.1852962963
2021-02-02T20:00:00Z,35713.303185185185
2021-02-02T21:00:00Z,35930.077000000005
2021-02-02T22:00:00Z,35943.925888888894
2021-02-02T23:00:00Z,35808.0262962963
2021-02-03T00:00:00Z,35839.18840740741
2021-02-03T01:00:00Z,35910.31218518519
2021-02-03T02:00:00Z,35994.90781481482
2021-02-03T03:00:00Z,36181.58107407408
2021-02-03T04:00:00Z,36443.81537037037
2021-02-03T05:00:00Z,36654.02737037037
2021-02-03T06:00:00Z,36768.06796296297
2021-02-03T07:00:00Z,36698.85166666668
2021-02-03T08:00:00Z,36464.97244444444
2021-02-03T09:00:00Z,36159.68633333334
2021-02-03T10:00:00Z,35945.46366666666
2021-02-03T11:00:00Z,35849.259259259255
2021-02-03T12:00:00Z,35931.15637037037
2021-02-03T13:00:00Z,36187.335296296296
2021-02-03T14:00:00Z,36460.30618518518
2021-02-03T15:00:00Z,36754.63948148148
2021-02-03T16:00:00Z,37055.46288888889
2021-02-03T17:00:00Z,37292.881888888885
2021-02-03T18:00:00Z,37408.94325925926
2021-02-03T19:00:00Z,37314.2424074074
2021-02-03T20:00:00Z,37194.71718518518
2021-02-03T21:00:00Z,37166.754148148146
2021-02-03T22:00:00Z,37232.589
2021-02-03T23:00:00Z,37432.09525925926
2021-02-04T00:00:00Z,37771.44722222223
2021-02-04T01:00:00Z,38125.88570370371
2021-02-04T02:00:00Z,38298.9182962963
2021-02-04T03:00:00Z,38159.27825925926
2021-02-04T04:00:00Z,37921.09848148149
2021-02-04T05:00:00Z,37697.74807407408
2021-02-04T06:00:00Z,37736.10151851852
2021-02-04T07:00:00Z,37842.813370370364
2021-02-04T08:00:00Z,37776.87218518517
2021-02-04T09:00:00Z,37650.49581481481
2021-02-04T10:00:00Z,37552.976407407405
2021-02-04T11:00:00Z,37457.03677777778
2021-02-04T12:00:00Z,37473.92603703704
2021-02-04T13:00:00Z,37526.33655555556
2021-02-04T14:00:00Z,37346.094333333334
2021-02-04T15:00:00Z,37003.37851851852
2021-02-04T16:00:00Z,36761.68099999999
2021-02-04T17:00:00Z,36674.14474074073
2021-02-04T18:00:00Z,36813.221370370375
2021-02-04T19:00:00Z,37113.81318518519
2021-02-04T20:00:00Z,37453.236888888896
2021-02-04T21:00:00Z,37714.78866666667
2021-02-04T22:00:00Z,37732.24344444444
2021-02-04T23:00:00Z,37493.75592592592
2021-02-05T00:00:00Z,37191.3667037037
2021-02-05T01:00:00Z,36863.10677777778
2021-02-05T02:00:00Z,36729.02444444444
2021-02-05T03:00:00Z,36860.040518518515
2021-02-05T04:00:00Z,37087.310925925914
2021-02-05T05:00:00Z,37230.30611111111
2021-02-05T06:00:00Z,37340.226814814814
2021-02-05T07:00:00Z,37497.95996296296
2021-02-05T08:00:00Z,37681.73929629629
2021-02-05T09:00:00Z,37693.805185185185
2021-02-05T10:00:00Z,37611.44444444444
2021-02-05T11:00:00Z,37579.06311111111
2021-02-05T12:00:00Z,37678.18344444445
2021-02-05T13:00:00Z,37967.95133333334
2021-02-05T14:00:00Z,38214.70725925926
2021-02-05T15:00:00Z,38298.24444444445
2021-02-05T16:00:00Z,38193.26918518519
2021-02-05T17:00:00Z,38037.66525925926
2021-02-05T18:00:00Z,37765.95959259259
2021-02-05T19:00:00Z,37582.930444444435
2021-02-05T20:00:00Z,37537.73596296296
2021-02-05T21:00:00Z,37623.93537037036
2021-02-05T22:00:00Z,37752.67518518518
2021-02-05T23:00:00Z,37985.00744444444
2021-02-06T00:00:00Z,38351.09085185185
2021-02-06T01:00:00Z,38733.305518518515
2021-02-06T02:00:00Z,39174.064703703705
2021-02-06T03:00:00Z,39507.48914814815
2021-02-06T04:00:00Z,39625.60240740741
2021-02-06T05:00:00Z,39527.94511111111
2021-02-06T06:00:00Z,39404.03355555556
2021-02-06T07:00:00Z,39351.587
2021-02-06T08:00:00Z,39398.15437037037
2021-02-06T09:00:00Z,39612.12670370371
2021-02-06T10:00:00Z,39890.4855925926
2021-02-06T11:00:00Z,40178.19696296297
2021-02-06T12:00:00Z,40295.06844444445
2021-02-06T13:00:00Z,40319.43362962963
2021-02-06T14:00:00Z,40334.31651851851
2021-02-06T15:00:00Z,40551.79822222223
2021-02-06T16:00:00Z,40756.382370370375
2021-02-06T17:00:00Z,40750.23525925926
2021-02-06T18:00:00Z,40601.87451851852
2021-02-06T19:00:00Z,40381.429962962975
2021-02-06T20:00:00Z,40200.06322222223
2021-02-06T21:00:00Z,40074.03425925926
2021-02-06T22:00:00Z,39995.2
2021-02-06T23:00:00Z,39727.5154074074
2021-02-07T00:00:00Z,39517.28322222222
2021-02-07T01:00:00Z,39114.225999999995
2021-02-07T02:00:00Z,38765.251407407406
2021-02-07T03:00:00Z,38570.50918518519
2021-02-07T04:00:00Z,38388.90618518518
2021-02-07T05:00:00Z,38326.81407407407
2021-02-07T06:00:00Z,38331.435333333335
2021-02-07T07:00:00Z,38543.48618518519
2021-02-07T08:00:00Z,38966.91974074074
2021-02-07T09:00:00Z,39408.3092962963
2021-02-07T10:00:00Z,39650.17837037037
2021-02-07T11:00:00Z,39598.11574074074
2021-02-07T12:00:00Z,39328.44455555555
2021-02-07T13:00:00Z,38976.28788888889
2021-02-07T14:00:00Z,38570.71774074075
2021-02-07T15:00:00Z,38161.46811111111
2021-02-07T16:00:00Z,37938.561555555556
2021-02-07T17:00:00Z,37802.1167037037
2021-02-07T18:00:00Z,37879.47303703704
2021-02-07T19:00:00Z,37981.958666666666
2021-02-07T20:00:00Z,38188.482851851855
2021-02-07T21:00:00Z,38418.984407407406
2021-02-07T22:00:00Z,38675.72877777778
2021-02-07T23:00:00Z,38887.19262962963
2021-02-08T00:00:00Z,38967.493333333325
2021-02-08T01:00:00Z,38897.29074074074
2021-02-08T02:00:00Z,38665.81488888888
2021-02-08T03:00:00Z,38365.39674074074
2021-02-08T04:00:00Z,38265.62503703704
2021-02-08T05:00:00Z,38361.661222222225
2021-02-08T06:00:00Z,38653.40733333333
2021-02-08T07:00:00Z,39031.76292592592
2021-02-08T08:00:00Z,39307.90585185185
2021-02-08T09:00:00Z,39368.03555555555
2021-02-08T10:00:00Z,39413.78592592592
2021-02-08T11:00:00Z,39460.64333333333
2021-02-08T12:00:00Z,40660.415037037026
2021-02-08T13:00:00Z,42183.896555555555
2021-02-08T14:00:00Z,43652.84348148148
2021-02-08T15:00:00Z,44554.052037037036
2021-02-08T16:00:00Z,44641.002518518515
2021-02-08T17:00:00Z,44265.33862962964
2021-02-08T18:00:00Z,43607.895888888896
2021-02-08T19:00:00Z,43141.72140740741
2021-02-08T20:00:00Z,43263.78562962963
2021-02-08T21:00:00Z,43874.76777777779
2021-02-08T22:00:00Z,44580.15785185186
2021-02-08T23:00:00Z,45556.93648148148
2021-02-09T00:00:00Z,46506.76822222222
2021-02-09T01:00:00Z,47016.55618518519
2021-02-09T02:00:00Z,46935.25296296296
2021-02-09T03:00:00Z,46758.938296296285
2021-02-09T04:00:00Z,46736.141370370366
2021-02-09T05:00:00Z,46899.716888888885
2021-02-09T06:00:00Z,47455.5971111111
2021-02-09T07:00:00Z,47867.544037037034
2021-02-09T08:00:00Z,47943.99562962962
2021-02-09T09:00:00Z,47526.27207407408
2021-02-09T10:00:00Z,46685.16903703704
2021-02-09T11:00:00Z,46107.745037037035
2021-02-09T12:00:00Z,45572.74433333333
2021-02-09T13:00:00Z,45529.01629629629
2021-02-09T14:00:00Z,45852.60711111111
2021-02-09T15:00:00Z,46357.73318518518
2021-02-09T16:00:00Z,46707.52192592591
2021-02-09T17:00:00Z,46814.24948148148
2021-02-09T18:00:00Z,46913.58962962963
2021-02-09T19:00:00Z,47040.89681481483
2021-02-09T20:00:00Z,47190.29822222223
2021-02-09T21:00:00Z,47332.727777777785
2021-02-09T22:00:00Z,47291.29359259259
2021-02-09T23:00:00Z,47035.156666666655
2021-02-10T00:00:00Z,46735.670592592585
2021-02-10T01:00:00Z,46434.2694074074
2021-02-10T02:00:00Z,46246.08392592592
2021-02-10T03:00:00Z,46154.444777777775
2021-02-10T04:00:00Z,46066.599925925926
2021-02-10T05:00:00Z,46035.016666666685
2021-02-10T06:00:00Z,46156.554259259276
2021-02-10T07:00:00Z,46375.75011111111
2021-02-10T08:00:00Z,46621.40455555556
2021-02-10T09:00:00Z,46764.86551851853
2021-02-10T10:00:00Z,46814.60688888889
2021-02-10T11:00:00Z,46791.01340740741
2021-02-10T12:00:00Z,46503.15425925926
2021-02-10T13:00:00Z,46080.53625925925
2021-02-10T14:00:00Z,45489.76696296295
2021-02-10T15:00:00Z,44795.24037037037
2021-02-10T16:00:00Z,44373.025962962965
2021-02-10T17:00:00Z,44321.57944444445
2021-02-10T18:00:00Z,44564.956037037045
2021-02-10T19:00:00Z,44912.15359259259
2021-02-10T20:00:00Z,44978.57811111111
2021-02-10T21:00:00Z,44978.93707407408
2021-02-10T22:00:00Z,45022.33366666667
2021-02-10T23:00:00Z,45013.52607407407
2021-02-11T00:00:00Z,44800.22044444445
2021-02-11T01:00:00Z,44465.551259259264
2021-02-11T02:00:00Z,44347.95337037038
2021-02-11T03:00:00Z,44639.001148148156
2021-02-11T04:00:00Z,44906.61903703704
2021-02-11T05:00:00Z,44992.945740740746
2021-02-11T06:00:00Z,44870.57240740742
2021-02-11T07:00:00Z,44734.68114814814
2021-02-11T08:00:00Z,44774.95414814815
2021-02-11T09:00:00Z,45053.22366666668
2021-02-11T10:00:00Z,45629.40314814815
2021-02-11T11:00:00Z,46125.545259259256
2021-02-11T12:00:00Z,46557.450370370374
2021-02-11T13:00:00Z,47091.56485185185
2021-02-11T14:00:00Z,47685.76274074075
2021-02-11T15:00:00Z,48205.23037037036
2021-02-11T16:00:00Z,48365.24088888889
2021-02-11T17:00:00Z,48169.214851851866
2021-02-11T18:00:00Z,47915.465111111116
2021-02-11T19:00:00Z,47774.379333333345
2021-02-11T20:00:00Z,47553.59196296297
2021-02-11T21:00:00Z,47258.52811111111
2021-02-11T22:00:00Z,47215.5737037037
2021-02-11T23:00:00Z,47443.48118518518
2021-02-12T00:00:00Z,47795.11922222222
2021-02-12T01:00:00Z,48220.44148148148
2021-02-12T02:00:00Z,48378.690444444444
2021-02-12T03:00:00Z,48235.17322222223
2021-02-12T04:00:00Z,47854.04007407408
2021-02-12T05:00:00Z,47448.71125925925
2021-02-12T06:00:00Z,47222.31355555556
2021-02-12T07:00:00Z,47158.21255555556
2021-02-12T08:00:00Z,47136.931333333334
2021-02-12T09:00:00Z,47183.16370370371
2021-02-12T10:00:00Z,47267.38048148147
2021-02-12T11:00:00Z,47430.583370370376
2021-02-12T12:00:00Z,47625.14348148148
2021-02-12T13:00:00Z,47828.26822222222
2021-02-12T14:00:00Z,47592.828888888886
2021-02-12T15:00:00Z,47285.968592592595
2021-02-12T16:00:00Z,47186.10285185185
2021-02-12T17:00:00Z,47350.08366666667
2021-02-12T18:00:00Z,47503.39925925926
2021-02-12T19:00:00Z,47529.4602962963
2021-02-12T20:00:00Z,47549.85707407407
2021-02-12T21:00:00Z,47676.62540740741
2021-02-12T22:00:00Z,47870.936111111114
2021-02-12T23:00:00Z,47858.178518518514
2021-02-13T00:00:00Z,47738.45555555555
2021-02-13T01:00:00Z,47639.64740740741
2021-02-13T02:00:00Z,47686.89303703704
2021-02-13T03:00:00Z,47817.94292592593
2021-02-13T04:00:00Z,47955.044925925926
2021-02-13T05:00:00Z,48036.141185185195
2021-02-13T06:00:00Z,48022.41296296297
2021-02-13T07:00:00Z,47732.81877777778
2021-02-13T08:00:00Z,47478.50303703704
2021-02-13T09:00:00Z,47254.78529629629
2021-02-13T10:00:00Z,46990.81566666667
2021-02-13T11:00:00Z,46721.13425925927
2021-02-13T12:00:00Z,46594.803666666674
2021-02-13T13:00:00Z,46648.22481481481
2021-02-13T14:00:00Z,46804.516037037036
2021-02-13T15:00:00Z,46996.378259259254
2021-02-13T16:00:00Z,47138.987222222226
2021-02-13T17:00:00Z,47138.77807407407
2021-02-13T18:00:00Z,47039.57000000001
2021-02-13T19:00:00Z,46934.761962962955
2021-02-13T20:00:00Z,46897.232666666656
2021-02-13T21:00:00Z,46982.40259259258
2021-02-13T22:00:00Z,47090.799629629626
2021-02-13T23:00:00Z,47197.9948148148
2021-02-14T00:00:00Z,47393.45514814814
2021-02-14T01:00:00Z,47560.75803703704
2021-02-14T02:00:00Z,47648.49244444445
2021-02-14T03:00:00Z,47603.52225925927
2021-02-14T04:00:00Z,47568.20377777778
2021-02-14T05:00:00Z,47962.38388888889
2021-02-14T06:00:00Z,48490.4202962963
2021-02-14T07:00:00Z,48941.87333333333
2021-02-14T08:00:00Z,49126.899962962976
2021-02-14T09:00:00Z,49215.75996296297
2021-02-14T10:00:00Z,49241.90592592594
2021-02-14T11:00:00Z,49251.16377777779
2021-02-14T12:00:00Z,49348.337
2021-02-14T13:00:00Z,49261.10803703704
2021-02-14T14:00:00Z,49088.31748148149
2021-02-14T15:00:00Z,48832.28411111111
2021-02-14T16:00:00Z,48754.63374074075
2021-02-14T17:00:00Z,48713.560703703704
2021-02-14T18:00:00Z,48726.93122222223
2021-02-14T19:00:00Z,48730.419185185194
2021-02-14T20:00:00Z,48788.18866666666
2021-02-14T21:00:00Z,48853.97988888889
2021-02-14T22:00:00Z,48964.197296296305
2021-02-14T23:00:00Z,48943.4548888889
2021-02-15T00:00:00Z,48879.688703703716
2021-02-15T01:00:00Z,48599.556000000004
2021-02-15T02:00:00Z,47935.58503703704
2021-02-15T03:00:00Z,47276.88207407407
2021-02-15T04:00:00Z,46757.015222222224
2021-02-15T05:00:00Z,46483.64518518519
2021-02-15T06:00:00Z,46464.26051851853
2021-02-15T07:00:00Z,46685.91662962964
2021-02-15T08:00:00Z,47092.25685185186
2021-02-15T09:00:00Z,47459.76177777778
2021-02-15T10:00:00Z,47782.01007407407
2021-02-15T11:00:00Z,47958.33477777776
2021-02-15T12:00:00Z,48069.33544444444
2021-02-15T13:00:00Z,48123.130999999994
2021-02-15T14:00:00Z,48009.49751851851
2021-02-15T15:00:00Z,47941.99907407408
2021-02-15T16:00:00Z,48080.77025925927
2021-02-15T17:00:00Z,48352.6255925926
2021-02-15T18:00:00Z,48557.72414814815
2021-02-15T19:00:00Z,48703.20651851851
2021-02-15T20:00:00Z,48743.31799999999
2021-02-15T21:00:00Z,48608.86822222222
2021-02-15T22:00:00Z,48443.07414814815
2021-02-15T23:00:00Z,48189.08451851853
2021-02-16T00:00:00Z,47897.24907407407
2021-02-16T01:00:00Z,47848.40225925925
2021-02-16T02:00:00Z,48009.661
2021-02-16T03:00:00Z,48601.016111111116
2021-02-16T04:00:00Z,49194.15581481481
2021-02-16T05:00:00Z,49539.94651851852
2021-02-16T06:00:00Z,49549.09951851852
2021-02-16T07:00:00Z,49403.46244444444
2021-02-16T08:00:00Z,49301.832407407404
2021-02-16T09:00:00Z,49277.45640740739
2021-02-16T10:00:00Z,49219.46055555555
2021-02-16T11:00:00Z,49092.31281481482
2021-02-16T12:00:00Z,49163.74907407407
2021-02-16T13:00:00Z,49159.42774074074
2021-02-16T14:00:00Z,49220.7851111111
2021-02-16T15:00:00Z,49175.101925925934
2021-02-16T16:00:00Z,48836.773296296305
2021-02-16T17:00:00Z,48449.82811111113
2021-02-16T18:00:00Z,48260.38851851851
2021-02-16T19:00:00Z,48273.29396296296
2021-02-16T20:00:00Z,48464.9051111111
2021-02-16T21:00:00Z,48606.06281481482
2021-02-16T22:00:00Z,48814.74874074074
2021-02-16T23:00:00Z,49029.75381481481
2021-02-17T00:00:00Z,49175.04155555556
2021-02-17T01:00:00Z,49293.81396296297
2021-02-17T02:00:00Z,49464.85233333334
2021-02-17T03:00:00Z,49646.7332962963
2021-02-17T04:00:00Z,49700.872555555565
2021-02-17T05:00:00Z,49741.73055555556
2021-02-17T06:00:00Z,50016.27022222223
2021-02-17T07:00:00Z,50552.2061111111
2021-02-17T08:00:00Z,51084.100629629625
2021-02-17T09:00:00Z,51531.47088888889
2021-02-17T10:00:00Z,51686.25948148148
2021-02-17T11:00:00Z,51660.239111111114
2021-02-17T12:00:00Z,51476.168999999994
2021-02-17T13:00:00Z,51290.86803703703
2021-02-17T14:00:00Z,51196.180370370355
2021-02-17T15:00:00Z,51164.05766666667
2021-02-17T16:00:00Z,51190.98003703705
2021-02-17T17:00:00Z,51267.71103703705
2021-02-17T18:00:00Z,51371.20255555556
2021-02-17T19:00:00Z,51670.60703703705
2021-02-17T20:00:00Z,52046.82866666667
2021-02-17T21:00:00Z,52397.151740740745
2021-02-17T22:00:00Z,52532.18077777778
2021-02-17T23:00:00Z,52488.41781481483
2021-02-18T00:00:00Z,52410.05062962964
2021-02-18T01:00:00Z,52310.255444444454
2021-02-18T02:00:00Z,52301.25792592592
2021-02-18T03:00:00Z,52235.05018518519
2021-02-18T04:00:00Z,52191.40118518518
2021-02-18T05:00:00Z,52169.46799999999
2021-02-18T06:00:00Z,52097.088444444445
2021-02-18T07:00:00Z,52011.27581481482
2021-02-18T08:00:00Z,51859.50355555556
2021-02-18T09:00:00Z,51737.90618518519
2021-02-18T10:00:00Z,51633.333000000006
2021-02-18T11:00:00Z,51480.37262962963
2021-02-18T12:00:00Z,51372.013333333336
2021-02-18T13:00:00Z,51425.229185185184
2021-02-18T14:00:00Z,51717.99318518518
2021-02-18T15:00:00Z,51860.00166666665
2021-02-18T16:00:00Z,51988.64948148149
2021-02-18T17:00:00Z,51982.136370370376
2021-02-18T18:00:00Z,51939.41951851853
2021-02-18T19:00:00Z,51871.69511111112
2021-02-18T20:00:00Z,51913.72266666667
2021-02-18T21:00:00Z,51990.954629629625
2021-02-18T22:00:00Z,52012.2835925926
2021-02-18T23:00:00Z,51898.65218518518
2021-02-19T00:00:00Z,51692.87585185185
2021-02-19T01:00:00Z,51446.63333333333
2021-02-19T02:00:00Z,51236.25988888888
2021-02-19T03:00:00Z,51111.67077777777
2021-02-19T04:00:00Z,51037.05362962963
2021-02-19T05:00:00Z,51125.8392962963
2021-02-19T06:00:00Z,51343.22577777776
2021-02-19T07:00:00Z,51586.68807407407
2021-02-19T08:00:00Z,51901.42966666666
2021-02-19T09:00:00Z,52301.84066666666
2021-02-19T10:00:00Z,52658.966407407424
2021-02-19T11:00:00Z,52890.21329629631
2021-02-19T12:00:00Z,52916.16322222222
2021-02-19T13:00:00Z,52891.65703703704
2021-02-19T14:00:00Z,52904.570777777786
2021-02-19T15:00:00Z,53247.39151851851
2021-02-19T16:00:00Z,53839.890444444434
2021-02-19T17:00:00Z,54528.39481481481
2021-02-19T18:00:00Z,55222.97333333333
2021-02-19T19:00:00Z,55590.64662962963
2021-02-19T20:00:00Z,55752.159296296304
2021-02-19T21:00:00Z,55824.09222222224
2021-02-19T22:00:00Z,55808.39844444444
2021-02-19T23:00:00Z,55902.95877777777
2021-02-20T00:00:00Z,56101.43833333332
2021-02-20T01:00:00Z,56304.28755555555
2021-02-20T02:00:00Z,56415.30551851852
2021-02-20T03:00:00Z,56280.90603703705
2021-02-20T04:00:00Z,56068.25448148148
2021-02-20T05:00:00Z,55839.7592962963
2021-02-20T06:00:00Z,55774.370074074075
2021-02-20T07:00:00Z,55604.84348148148
2021-02-20T08:00:00Z,55399.01818518519
2021-02-20T09:00:00Z,55212.67440740741
2021-02-20T10:00:00Z,55305.25622222221
2021-02-20T11:00:00Z,55703.28881481481
2021-02-20T12:00:00Z,56439.47618518517
2021-02-20T13:00:00Z,57159.07862962963
2021-02-20T14:00:00Z,57336.761629629626
2021-02-20T15:00:00Z,57060.83970370371
2021-02-20T16:00:00Z,56763.56666666667
2021-02-20T17:00:00Z,56733.05766666667
2021-02-20T18:00:00Z,56935.60659259259
2021-02-20T19:00:00Z,57126.10474074075
2021-02-20T20:00:00Z,57121.862370370385
2021-02-20T21:00:00Z,56917.05207407408
2021-02-20T22:00:00Z,56353.72133333335
2021-02-20T23:00:00Z,55871.81
2021-02-21T00:00:00Z,55576.22522222224
2021-02-21T01:00:00Z,55674.28666666666
2021-02-21T02:00:00Z,55966.491851851846
2021-02-21T03:00:00Z,56304.59703703703
2021-02-21T04:00:00Z,56603.90403703703
2021-02-21T05:00:00Z,56751.089185185185
2021-02-21T06:00:00Z,56767.474814814814
2021-02-21T07:00:00Z,56570.603185185195
2021-02-21T08:00:00Z,56449.71670370371
2021-02-21T09:00:00Z,56504.66296296296
2021-02-21T10:00:00Z,56889.8785925926
2021-02-21T11:00:00Z,57282.224111111114
2021-02-21T12:00:00Z,57416.29214814814
2021-02-21T13:00:00Z,57396.27925925926
2021-02-21T14:00:00Z,57377.60755555555
2021-02-21T15:00:00Z,57401.621962962956
2021-02-21T16:00:00Z,57553.23855555556
2021-02-21T17:00:00Z,57653.82111111112
2021-02-21T18:00:00Z,57883.313370370386
2021-02-21T19:00:00Z,58095.17874074073
2021-02-21T20:00:00Z,58129.870814814814
2021-02-21T21:00:00Z,57916.32548148148
2021-02-21T22:00:00Z,57609.98411111111
2021-02-21T23:00:00Z,57397.82114814815
2021-02-22T00:00:00Z,56975.041592592584
2021-02-22T01:00:00Z,56704.45348148147
2021-02-22T02:00:00Z,56576.99918518518
2021-02-22T03:00:00Z,56322.01933333334
2021-02-22T04:00:00Z,56010.79511111111
2021-02-22T05:00:00Z,55730.88318518518
2021-02-22T06:00:00Z,55640.22907407407
2021-02-22T07:00:00Z,55847.593185185186
2021-02-22T08:00:00Z,55865.86029629628
2021-02-22T09:00:00Z,55499.0965185185
2021-02-22T10:00:00Z,55003.869666666666
2021-02-22T11:00:00Z,54516.23325925925
2021-02-22T12:00:00Z,54003.27270370369
2021-02-22T13:00:00Z,53066.67303703704
2021-02-22T14:00:00Z,52645.54551851851
2021-02-22T15:00:00Z,52559.54303703704
2021-02-22T16:00:00Z,52759.17792592591
2021-02-22T17:00:00Z,52647.82981481482
2021-02-22T18:00:00Z,52641.07274074075
2021-02-22T19:00:00Z,52880.3555925926
2021-02-22T20:00:00Z,53356.0248888889
2021-02-22T21:00:00Z,54152.03666666665
2021-02-22T22:00:00Z,54593.99718518517
2021-02-22T23:00:00Z,54709.908296296286
2021-02-23T00:00:00Z,54362.74803703703
2021-02-23T01:00:00Z,53597.16822222222
2021-02-23T02:00:00Z,52420.18707407408
2021-02-23T03:00:00Z,51530.21085185185
2021-02-23T04:00:00Z,50782.28503703704
2021-02-23T05:00:00Z,50126.915259259265
2021-02-23T06:00:00Z,49518.280666666666
2021-02-23T07:00:00Z,49105.89377777777
2021-02-23T08:00:00Z,48069.76614814814
2021-02-23T09:00:00Z,47359.69862962962
2021-02-23T10:00:00Z,46882.54733333333
2021-02-23T11:00:00Z,46435.23266666668
2021-02-23T12:00:00Z,46826.30562962964
2021-02-23T13:00:00Z,47567.082777777774
2021-02-23T14:00:00Z,47850.59674074074
2021-02-23T15:00:00Z,48162.75974074074
2021-02-23T16:00:00Z,47972.07666666666
2021-02-23T17:00:00Z,47608.63722222223
2021-02-23T18:00:00Z,47153.870629629644
2021-02-23T19:00:00Z,46356.02859259259
2021-02-23T20:00:00Z,46319.60522222222
2021-02-23T21:00:00Z,46813.72944444445
2021-02-23T22:00:00Z,47752.28718518518
2021-02-23T23:00:00Z,48659.17003703703
2021-02-24T00:00:00Z,49088.46085185185
2021-02-24T01:00:00Z,49644.76948148148
2021-02-24T02:00:00Z,50159.12425925926
2021-02-24T03:00:00Z,50782.280259259256
2021-02-24T04:00:00Z,51157.27974074074
2021-02-24T05:00:00Z,51115.55774074074
2021-02-24T06:00:00Z,50792.66611111111
2021-02-24T07:00:00Z,50398.223703703705
2021-02-24T08:00:00Z,50296.660074074076
2021-02-24T09:00:00Z,50477.50270370371
2021-02-24T10:00:00Z,50538.506666666675
2021-02-24T11:00:00Z,50517.628444444446
2021-02-24T12:00:00Z,50532.15448148149
2021-02-24T13:00:00Z,50235.796814814814
2021-02-24T14:00:00Z,49821.554444444446
2021-02-24T15:00:00Z,49542.61748148148
2021-02-24T16:00:00Z,49333.8442962963
2021-02-24T17:00:00Z,49471.99196296296
2021-02-24T18:00:00Z,49598.57918518519
2021-02-24T19:00:00Z,49477.66644444445
2021-02-24T20:00:00Z,49266.79307407408
2021-02-24T21:00:00Z,48948.84148148148
2021-02-24T22:00:00Z,48734.32944444445
2021-02-24T23:00:00Z,48909.524407407414
2021-02-25T00:00:00Z,49526.89940740741
2021-02-25T01:00:00Z,50226.964592592594
2021-02-25T02:00:00Z,50782.85037037037
2021-02-25T03:00:00Z,50919.358074074065
2021-02-25T04:00:00Z,50590.236962962954
2021-02-25T05:00:00Z,50335.312999999995
2021-02-25T06:00:00Z,50262.08696296296
2021-02-25T07:00:00Z,50356.62896296297
2021-02-25T08:00:00Z,50260.671
2021-02-25T09:00:00Z,49805.313962962966
2021-02-25T10:00:00Z,49429.8888888889
2021-02-25T11:00:00Z,49478.27807407407
2021-02-25T12:00:00Z,50188.94688888889
2021-02-25T13:00:00Z,51032.77577777777
2021-02-25T14:00:00Z,51480.78896296297
2021-02-25T15:00:00Z,51490.25751851852
2021-02-25T16:00:00Z,51187.289555555566
2021-02-25T17:00:00Z,50518.8745925926
2021-02-25T18:00:00Z,49838.323962962975
2021-02-25T19:00:00Z,49322.01144444444
2021-02-25T20:00:00Z,48998.85118518517
2021-02-25T21:00:00Z,48544.51988888888
2021-02-25T22:00:00Z,48125.14733333333
2021-02-25T23:00:00Z,47495.51003703704
2021-02-26T00:00:00Z,46882.464
2021-02-26T01:00:00Z,46375.82025925926
2021-02-26T02:00:00Z,46335.94133333334
2021-02-26T03:00:00Z,46623.006481481476
2021-02-26T04:00:00Z,46907.96262962963
2021-02-26T05:00:00Z,46614.81692592593
2021-02-26T06:00:00Z,46163.10174074074
2021-02-26T07:00:00Z,45478.050111111115
2021-02-26T08:00:00Z,45146.24662962963
2021-02-26T09:00:00Z,45352.89162962963
2021-02-26T10:00:00Z,45911.55574074073
2021-02-26T11:00:00Z,46425.35448148148
2021-02-26T12:00:00Z,46796.39003703705
2021-02-26T13:00:00Z,46712.078185185186
2021-02-26T14:00:00Z,46680.86140740742
2021-02-26T15:00:00Z,46957.27837037038
2021-02-26T16:00:00Z,47548.58944444445
2021-02-26T17:00:00Z,48007.70862962963
2021-02-26T18:00:00Z,48056.80929629629
2021-02-26T19:00:00Z,47699.661851851844
2021-02-26T20:00:00Z,47029.06118518518
2021-02-26T21:00:00Z,46239.56962962963
2021-02-26T22:00:00Z,45558.67018518519
2021-02-26T23:00:00Z,45396.87100000001
2021-02-27T00:00:00Z,45985.06366666666
2021-02-27T01:00:00Z,46920.47633333333
2021-02-27T02:00:00Z,47611.20192592593
2021-02-27T03:00:00Z,47891.45718518519
2021-02-27T04:00:00Z,47911.36955555555
2021-02-27T05:00:00Z,47888.440925925934
2021-02-27T06:00:00Z,47816.954222222215
2021-02-27T07:00:00Z,47609.77496296296
2021-02-27T08:00:00Z,47187.996888888905
2021-02-27T09:00:00Z,46770.63266666667
2021-02-27T10:00:00Z,46535.09077777778
2021-02-27T11:00:00Z,46647.87200000001
2021-02-27T12:00:00Z,46979.92662962963
2021-02-27T13:00:00Z,47328.02977777777
2021-02-27T14:00:00Z,47447.20377777778
2021-02-27T15:00:00Z,47212.69977777778
2021-02-27T16:00:00Z,46953.05574074074
2021-02-27T17:00:00Z,46839.79007407408
2021-02-27T18:00:00Z,46915.08896296297
2021-02-27T19:00:00Z,47148.19355555556
2021-02-27T20:00:00Z,47275.371481481474
2021-02-27T21:00:00Z,47214.947814814805
2021-02-27T22:00:00Z,46752.91114814815
2021-02-27T23:00:00Z,46272.55611111111
2021-02-28T00:00:00Z,46014.91177777778
2021-02-28T01:00:00Z,46035.446814814815
2021-02-28T02:00:00Z,45902.08614814815
2021-02-28T03:00:00Z,45414.03892592593
2021-02-28T04:00:00Z,44751.602037037046
2021-02-28T05:00:00Z,44328.61596296297
2021-02-28T06:00:00Z,44115.060111111095
2021-02-28T07:00:00Z,44094.430037037026
2021-02-28T08:00:00Z,44287.32796296295
2021-02-28T09:00:00Z,44622.628481481486
2021-02-28T10:00:00Z,44993.195074074065
2021-02-28T11:00:00Z,45282.17951851851
2021-02-28T12:00:00Z,45275.50703703703
2021-02-28T13:00:00Z,44923.16292592593
2021-02-28T14:00:00Z,44591.83829629631
2021-02-28T15:00:00Z,44045.27192592594
2021-02-28T16:00:00Z,43599.38048148149
2021-02-28T17:00:00Z,43192.1784074074
2021-02-28T18:00:00Z,43105.59911111111
2021-02-28T19:00:00Z,43487.29074074073
2021-02-28T20:00:00Z,44173.50611111112
2021-02-28T21:00:00Z,44919.56200000001
2021-02-28T22:00:00Z,45436.19774074075
2021-02-28T23:00:00Z,45650.30711111112
2021-03-01T00:00:00Z,45959.793666666665
2021-03-01T01:00:00Z,46273.81566666666
2021-03-01T02:00:00Z,46599.97622222223
2021-03-01T03:00:00Z,46759.5087037037
2021-03-01T04:00:00Z,46787.23307407408
2021-03-01T05:00:00Z,46657.522962962976
2021-03-01T06:00:00Z,46373.97988888889
2021-03-01T07:00:00Z,46203.34559259259
2021-03-01T08:00:00Z,46382.324555555555
2021-03-01T09:00:00Z,46851.70011111111
2021-03-01T10:00:00Z,47428.70244444445
2021-03-01T11:00:00Z,47890.501
2021-03-01T12:00:00Z,48182.87588888888
2021-03-01T13:00:00Z,48267.72381481481
2021-03-01T14:00:00Z,48297.14537037037
2021-03-01T15:00:00Z,48644.32485185186
2021-03-01T16:00:00Z,49063.37548148149
2021-03-01T17:00:00Z,49238.737962962965
2021-03-01T18:00:00Z,49111.698962962975
2021-03-01T19:00:00Z,48751.49874074075
2021-03-01T20:00:00Z,48510.31377777778
2021-03-01T21:00:00Z,48516.98137037037
2021-03-01T22:00:00Z,48766.88774074075
2021-03-01T23:00:00Z,49201.1734074074
2021-03-02T00:00:00Z,49534.118370370365
2021-03-02T01:00:00Z,49694.01992592592
2021-03-02T02:00:00Z,49653.31255555557
2021-03-02T03:00:00Z,49428.57462962962
2021-03-02T04:00:00Z,49231.638444444434
2021-03-02T05:00:00Z,48973.42892592592
2021-03-02T06:00:00Z,48751.48166666665
2021-03-02T07:00:00Z,48507.73351851851
2021-03-02T08:00:00Z,48473.45292592592
2021-03-02T09:00:00Z,48670.21281481482
2021-03-02T10:00:00Z,48825.15562962964
2021-03-02T11:00:00Z,48929.05322222223
2021-03-02T12:00:00Z,48927.838925925935
2021-03-02T13:00:00Z,48949.44985185185
2021-03-02T14:00:00Z,48965.85755555555
2021-03-02T15:00:00Z,48907.840000000004
2021-03-02T16:00:00Z,48455.42759259258
2021-03-02T17:00:00Z,47981.56762962963
2021-03-02T18:00:00Z,47591.31044444444
2021-03-02T19:00:00Z,47348.09866666666
2021-03-02T20:00:00Z,47281.1965925926
2021-03-02T21:00:00Z,47264.522629629624
2021-03-02T22:00:00Z,47408.95655555555
2021-03-02T23:00:00Z,47810.156888888894
2021-03-03T00:00:00Z,48285.045259259256
2021-03-03T01:00:00Z,48749.9488148148
2021-03-03T02:00:00Z,48973.764037037035
2021-03-03T03:00:00Z,49018.33959259259
2021-03-03T04:00:00Z,49078.488592592585
2021-03-03T05:00:00Z,49149.14907407408
2021-03-03T06:00:00Z,49362.80337037038
2021-03-03T07:00:00Z,49645.67251851852
2021-03-03T08:00:00Z,50223.44259259259
2021-03-03T09:00:00Z,50980.650703703715
2021-03-03T10:00:00Z,51619.3742962963
2021-03-03T11:00:00Z,52034.06951851851
2021-03-03T12:00:00Z,52436.536925925924
2021-03-03T13:00:00Z,52453.82744444444
2021-03-03T14:00:00Z,51993.344666666664
2021-03-03T15:00:00Z,51345.98177777777
2021-03-03T16:00:00Z,50898.5248888889
2021-03-03T17:00:00Z,50851.190222222234
2021-03-03T18:00:00Z,51017.60540740741
2021-03-03T19:00:00Z,51084.29007407408
2021-03-03T20:00:00Z,50916.88955555556
2021-03-03T21:00:00Z,50782.38566666667
2021-03-03T22:00:00Z,50634.22233333334
2021-03-03T23:00:00Z,50478.77948148149
2021-03-04T00:00:00Z,50502.06162962964
2021-03-04T01:00:00Z,50810.55751851853
2021-03-04T02:00:00Z,51024.40670370371
2021-03-04T03:00:00Z,50721.138777777785
2021-03-04T04:00:00Z,49966.33451851851
2021-03-04T05:00:00Z,49368.378777777776
2021-03-04T06:00:00Z,49056.4025185185
2021-03-04T07:00:00Z,49136.522296296294
2021-03-04T08:00:00Z,49519.6162962963
2021-03-04T09:00:00Z,49600.88381481481
2021-03-04T10:00:00Z,49503.05492592592
2021-03-04T11:00:00Z,49331.53033333333
2021-03-04T12:00:00Z,49239.43899999999
2021-03-04T13:00:00Z,49345.35448148148
2021-03-04T14:00:00Z,49449.00240740741
2021-03-04T15:00:00Z,49495.552037037036
2021-03-04T16:00:00Z,49563.69348148148
2021-03-04T17:00:00Z,49271.63088888888
2021-03-04T18:00:00Z,48567.90607407407
2021-03-04T19:00:00Z,47908.026703703705
2021-03-04T20:00:00Z,47592.60811111112
2021-03-04T21:00:00Z,47555.58540740741
2021-03-04T22:00:00Z,47753.73407407408
2021-03-04T23:00:00Z,48017.93522222223
2021-03-05T00:00:00Z,47780.63607407408
2021-03-05T01:00:00Z,47261.50859259259
2021-03-05T02:00:00Z,46839.32240740742
2021-03-05T03:00:00Z,46735.717888888896
2021-03-05T04:00:00Z,46714.084814814814
2021-03-05T05:00:00Z,46821.918296296295
2021-03-05T06:00:00Z,47012.898259259266
2021-03-05T07:00:00Z,47234.74225925927
2021-03-05T08:00:00Z,47192.37044444445
2021-03-05T09:00:00Z,47079.453555555556
2021-03-05T10:00:00Z,46973.4158888889
2021-03-05T11:00:00Z,47087.18551851852
2021-03-05T12:00:00Z,47362.80759259259
2021-03-05T13:00:00Z,47757.74062962963
2021-03-05T14:00:00Z,48114.290259259265
2021-03-05T15:00:00Z,48251.21962962963
2021-03-05T16:00:00Z,48143.48885185185
2021-03-05T17:00:00Z,48044.7967037037
2021-03-05T18:00:00Z,48138.68333333333
2021-03-05T19:00:00Z,48599.303925925924
2021-03-05T20:00:00Z,49108.22048148148
2021-03-05T21:00:00Z,49409.7835925926
2021-03-05T22:00:00Z,49464.97514814816
2021-03-05T23:00:00Z,49269.83566666666
2021-03-06T00:00:00Z,49033.0447037037
2021-03-06T01:00:00Z,48797.030259259256
2021-03-06T02:00:00Z,48651.203
2021-03-06T03:00:00Z,48573.59711111111
2021-03-06T04:00:00Z,48497.30511111111
2021-03-06T05:00:00Z,48442.267925925924
2021-03-06T06:00:00Z,48533.774740740744
2021-03-06T07:00:00Z,48676.12811111111
2021-03-06T08:00:00Z,48749.44174074074
2021-03-06T09:00:00Z,48646.16770370369
2021-03-06T10:00:00Z,48364.3522962963
2021-03-06T11:00:00Z,48115.151407407415
2021-03-06T12:00:00Z,47831.71081481482
2021-03-06T13:00:00Z,47519.03988888889
2021-03-06T14:00:00Z,47333.4442962963
2021-03-06T15:00:00Z,47194.64459259259
2021-03-06T16:00:00Z,47294.56822222222
2021-03-06T17:00:00Z,47643.93511111111
2021-03-06T18:00:00Z,48115.693592592586
2021-03-06T19:00:00Z,48477.041925925936
2021-03-06T20:00:00Z,48691.276777777784
2021-03-06T21:00:00Z,48767.888481481474
2021-03-06T22:00:00Z,48874.886296296296
2021-03-06T23:00:00Z,48978.48340740741
2021-03-07T00:00:00Z,49142.833518518506
2021-03-07T01:00:00Z,49260.926888888884
2021-03-07T02:00:00Z,49439.45837037036
2021-03-07T03:00:00Z,49606.8237037037
2021-03-07T04:00:00Z,49674.57196296297
2021-03-07T05:00:00Z,49629.84577777778
2021-03-07T06:00:00Z,49556.251481481486
2021-03-07T07:00:00Z,49681.61437037038
2021-03-07T08:00:00Z,50001.267222222225
2021-03-07T09:00:00Z,50515.97148148149
2021-03-07T10:00:00Z,50869.772
2021-03-07T11:00:00Z,51026.31455555555
2021-03-07T12:00:00Z,51032.80951851851
2021-03-07T13:00:00Z,50974.444407407405
2021-03-07T14:00:00Z,50875.705074074074
2021-03-07T15:00:00Z,50740.03114814814
2021-03-07T16:00:00Z,50761.64385185185
2021-03-07T17:00:00Z,50880.792592592596
2021-03-07T18:00:00Z,50835.872814814815
2021-03-07T19:00:00Z,50657.06911111111
2021-03-07T20:00:00Z,50336.33800000001
2021-03-07T21:00:00Z,50070.46992592593
2021-03-07T22:00:00Z,50056.04848148148
2021-03-07T23:00:00Z,50343.084888888894
2021-03-08T00:00:00Z,50880.80462962963
2021-03-08T01:00:00Z,51419.19000000001
2021-03-08T02:00:00Z,51531.37640740742
2021-03-08T03:00:00Z,51286.95577777779
2021-03-08T04:00:00Z,50855.76014814816
2021-03-08T05:00:00Z,50600.781222222235
2021-03-08T06:00:00Z,50410.03488888889
2021-03-08T07:00:00Z,50137.20844444444
2021-03-08T08:00:00Z,49887.93425925926
2021-03-08T09:00:00Z,49716.9144074074
2021-03-08T10:00:00Z,49741.25837037037
2021-03-08T11:00:00Z,49990.788
2021-03-08T12:00:00Z,50227.956074074085
2021-03-08T13:00:00Z,50589.43792592592
2021-03-08T14:00:00Z,50855.035
2021-03-08T15:00:00Z,51089.12781481482
2021-03-08T16:00:00Z,51103.96085185185
2021-03-08T17:00:00Z,51018.31633333334
2021-03-08T18:00:00Z,50909.630851851856
2021-03-08T19:00:00Z,50985.6134074074
2021-03-08T20:00:00Z,51309.93744444443
2021-03-08T21:00:00Z,51704.1185925926
2021-03-08T22:00:00Z,51934.54514814815
2021-03-08T23:00:00Z,52194.79070370371
2021-03-09T00:00:00Z,52301.955888888886
2021-03-09T01:00:00Z,52772.661407407395
2021-03-09T02:00:00Z,53341.74385185185
2021-03-09T03:00:00Z,53900.524296296295
2021-03-09T04:00:00Z,54199.89429629629
2021-03-09T05:00:00Z,54389.408074074076
2021-03-09T06:00:00Z,54367.48011111111
2021-03-09T07:00:00Z,54143.88088888888
2021-03-09T08:00:00Z,54005.4895925926
2021-03-09T09:00:00Z,53982.65281481482
2021-03-09T10:00:00Z,54080.9187037037
2021-03-09T11:00:00Z,54217.7954074074
2021-03-09T12:00:00Z,54153.873
2021-03-09T13:00:00Z,54297.14885185184
2021-03-09T14:00:00Z,54456.97203703703
2021-03-09T15:00:00Z,54488.783814814815
2021-03-09T16:00:00Z,54383.52514814815
2021-03-09T17:00:00Z,54115.08218518519
2021-03-09T18:00:00Z,53898.67662962963
2021-03-09T19:00:00Z,53852.51566666665
2021-03-09T20:00:00Z,54001.679000000004
2021-03-09T21:00:00Z,54201.600777777785
2021-03-09T22:00:00Z,54505.71244444445
2021-03-09T23:00:00Z,54802.62392592593
2021-03-10T00:00:00Z,55210.064037037024
2021-03-10T01:00:00Z,55325.18033333333
2021-03-10T02:00:00Z,54974.45944444445
2021-03-10T03:00:00Z,54270.34744444445
2021-03-10T04:00:00Z,53640.690111111115
2021-03-10T05:00:00Z,53313.708592592586
2021-03-10T06:00:00Z,53344.165925925925
2021-03-10T07:00:00Z,53647.04818518518
2021-03-10T08:00:00Z,54123.4051111111
2021-03-10T09:00:00Z,54728.41318518519
2021-03-10T10:00:00Z,55111.66888888888
2021-03-10T11:00:00Z,55242.63814814816
2021-03-10T12:00:00Z,55279.38511111112
2021-03-10T13:00:00Z,55618.45007407407
2021-03-10T14:00:00Z,56056.715407407406
2021-03-10T15:00:00Z,56472.22740740742
2021-03-10T16:00:00Z,56902.56262962963
2021-03-10T17:00:00Z,57162.44185185186
2021-03-10T18:00:00Z,57226.227111111104
2021-03-10T19:00:00Z,57129.14718518519
2021-03-10T20:00:00Z,56828.25114814815
2021-03-10T21:00:00Z,56698.267296296304
2021-03-10T22:00:00Z,56719.38729629631
2021-03-10T23:00:00Z,56527.77985185186
2021-03-11T00:00:00Z,56121.68640740742
2021-03-11T01:00:00Z,55723.79433333333
2021-03-11T02:00:00Z,55658.495148148155
2021-03-11T03:00:00Z,55760.01914814815
2021-03-11T04:00:00Z,55855.36618518518
2021-03-11T05:00:00Z,55683.206333333335
2021-03-11T06:00:00Z,55482.96674074073
2021-03-11T07:00:00Z,55207.26514814815
2021-03-11T08:00:00Z,54905.333777777785
2021-03-11T09:00:00Z,54581.915222222226
2021-03-11T10:00:00Z,54648.812592592585
2021-03-11T11:00:00Z,55191.963111111116
2021-03-11T12:00:00Z,55884.30992592592
2021-03-11T13:00:00Z,56614.037037037044
2021-03-11T14:00:00Z,57066.540259259265
2021-03-11T15:00:00Z,57115.61825925927
2021-03-11T16:00:00Z,57070.165518518515
2021-03-11T17:00:00Z,56989.43148148149
2021-03-11T18:00:00Z,57155.21474074075
2021-03-11T19:00:00Z,57216.775629629636
2021-03-11T20:00:00Z,57350.045592592585
2021-03-11T21:00:00Z,57504.640037037025
2021-03-11T22:00:00Z,57741.06692592592
2021-03-11T23:00:00Z,57938.206
2021-03-12T00:00:00Z,57891.494629629626
2021-03-12T01:00:00Z,57559.03274074074
2021-03-12T02:00:00Z,57163.450703703704
2021-03-12T03:00:00Z,56921.54322222222
2021-03-12T04:00:00Z,56746.13877777778
2021-03-12T05:00:00Z,56782.94488888888
2021-03-12T06:00:00Z,56875.96292592593
2021-03-12T07:00:00Z,56866.00777777779
2021-03-12T08:00:00Z,56737.33311111111
2021-03-12T09:00:00Z,56556.69240740741
2021-03-12T10:00:00Z,56488.84762962962
2021-03-12T11:00:00Z,56458.991
2021-03-12T12:00:00Z,56419.02037037036
2021-03-12T13:00:00Z,56160.00274074074
2021-03-12T14:00:00Z,55996.002851851845
2021-03-12T15:00:00Z,56184.62366666666
2021-03-12T16:00:00Z,56690.33707407406
2021-03-12T17:00:00Z,57169.09711111112
2021-03-12T18:00:00Z,57484.44381481482
2021-03-12T19:00:00Z,57472.50370370372
2021-03-12T20:00:00Z,57229.4998888889
2021-03-12T21:00:00Z,57012.90766666667
2021-03-12T22:00:00Z,56957.11766666668
2021-03-12T23:00:00Z,57048.271481481475
2021-03-13T00:00:00Z,57022.4165925926
2021-03-13T01:00:00Z,56804.819481481485
2021-03-13T02:00:00Z,56541.86874074075
2021-03-13T03:00:00Z,56421.630185185175
2021-03-13T04:00:00Z,56512.47166666666
2021-03-13T05:00:00Z,56651.47385185186
2021-03-13T06:00:00Z,56804.5101111111
2021-03-13T07:00:00Z,57032.49925925926
2021-03-13T08:00:00Z,57278.77251851852
2021-03-13T09:00:00Z,57526.507000000005
2021-03-13T10:00:00Z,58232.5931851852
2021-03-13T11:00:00Z,59163.608925925946
2021-03-13T12:00:00Z,60006.767740740754
2021-03-13T13:00:00Z,60494.22325925927
2021-03-13T14:00:00Z,60531.23985185186
2021-03-13T15:00:00Z,60298.56740740741
2021-03-13T16:00:00Z,60065.58537037036
2021-03-13T17:00:00Z,60067.56718518517
2021-03-13T18:00:00Z,60209.38288888888
2021-03-13T19:00:00Z,60519.06007407407
2021-03-13T20:00:00Z,61046.453185185186
2021-03-13T21:00:00Z,61389.86100000001
2021-03-13T22:00:00Z,61507.004814814834
2021-03-13T23:00:00Z,61452.49362962963
2021-03-14T00:00:00Z,61366.275888888886
2021-03-14T01:00:00Z,61269.40300000001
2021-03-14T02:00:00Z,61180.71081481482
2021-03-14T03:00:00Z,61189.20574074075
2021-03-14T04:00:00Z,61207.443370370376
2021-03-14T05:00:00Z,61172.16444444445
2021-03-14T06:00:00Z,61075.22092592593
2021-03-14T07:00:00Z,60818.94111111112
2021-03-14T08:00:00Z,60648.25040740742
2021-03-14T09:00:00Z,60624.99577777778
2021-03-14T10:00:00Z,60520.95914814814
2021-03-14T11:00:00Z,60395.57862962963
2021-03-14T12:00:00Z,60310.91425925927
2021-03-14T13:00:00Z,60154.26562962963
2021-03-14T14:00:00Z,60015.324
2021-03-14T15:00:00Z,59812.150555555556
2021-03-14T16:00:00Z,59595.5225925926
2021-03-14T17:00:00Z,59493.78581481482
2021-03-14T18:00:00Z,59633.00411111113
2021-03-14T19:00:00Z,59818.74462962963
2021-03-14T20:00:00Z,60061.97022222221
2021-03-14T21:00:00Z,60194.22385185185
2021-03-14T22:00:00Z,60265.59762962962
2021-03-14T23:00:00Z,59915.92388888888
2021-03-15T00:00:00Z,59539.4065925926
2021-03-15T01:00:00Z,59448.16396296296
2021-03-15T02:00:00Z,59615.86029629628
2021-03-15T03:00:00Z,59995.17633333333
2021-03-15T04:00:00Z,60135.9445925926
2021-03-15T05:00:00Z,59847.14711111112
2021-03-15T06:00:00Z,59300.909407407395
2021-03-15T07:00:00Z,58514.55762962962
2021-03-15T08:00:00Z,57816.51233333332
2021-03-15T09:00:00Z,56804.83214814813
2021-03-15T10:00:00Z,56040.71033333332
2021-03-15T11:00:00Z,55584.55696296296
2021-03-15T12:00:00Z,55574.8282962963
2021-03-15T13:00:00Z,55973.30907407408
2021-03-15T14:00:00Z,56226.98985185185
2021-03-15T15:00:00Z,56315.59659259258
2021-03-15T16:00:00Z,56276.19355555556
2021-03-15T17:00:00Z,56160.195851851866
2021-03-15T18:00:00Z,56089.20774074074
2021-03-15T19:00:00Z,56203.815666666684
2021-03-15T20:00:00Z,56344.192
2021-03-15T21:00:00Z,56560.542925925925
2021-03-15T22:00:00Z,56559.89737037037
2021-03-15T23:00:00Z,56262.50437037038
2021-03-16T00:00:00Z,55391.20307407408
2021-03-16T01:00:00Z,54559.20274074073
2021-03-16T02:00:00Z,54061.416000000005
2021-03-16T03:00:00Z,53861.77481481482
2021-03-16T04:00:00Z,53931.1308148148
2021-03-16T05:00:00Z,53952.26103703703
2021-03-16T06:00:00Z,54241.82696296296
2021-03-16T07:00:00Z,54694.51103703704
2021-03-16T08:00:00Z,55345.427037037036
2021-03-16T09:00:00Z,55893.56733333333
2021-03-16T10:00:00Z,56168.02985185185
2021-03-16T11:00:00Z,56088.051333333344
2021-03-16T12:00:00Z,55716.343592592595
2021-03-16T13:00:00Z,55377.64003703705
2021-03-16T14:00:00Z,55283.27644444443
2021-03-16T15:00:00Z,55454.378962962954
2021-03-16T16:00:00Z,55655.696814814815
2021-03-16T17:00:00Z,55644.99429629629
2021-03-16T18:00:00Z,55508.18462962962
2021-03-16T19:00:00Z,55481.51192592593
2021-03-16T20:00:00Z,55760.219259259255
2021-03-16T21:00:00Z,56188.82525925926
2021-03-16T22:00:00Z,56497.33262962964
2021-03-16T23:00:00Z,56788.888444444456
2021-03-17T00:00:00Z,56881.95214814817
2021-03-17T01:00:00Z,56782.85074074074
2021-03-17T02:00:00Z,56431.19385185186
2021-03-17T03:00:00Z,55940.468592592595
2021-03-17T04:00:00Z,55548.25307407407
2021-03-17T05:00:00Z,55469.47018518518
2021-03-17T06:00:00Z,55717.43144444444
2021-03-17T07:00:00Z,55921.335481481474
2021-03-17T08:00:00Z,55980.78381481479
2021-03-17T09:00:00Z,55608.49370370369
2021-03-17T10:00:00Z,55185.32922222223
2021-03-17T11:00:00Z,54814.8624074074
2021-03-17T12:00:00Z,54719.378592592606
2021-03-17T13:00:00Z,54808.839555555554
2021-03-17T14:00:00Z,54784.3772962963
2021-03-17T15:00:00Z,54795.179111111116
2021-03-17T16:00:00Z,54913.198592592606
2021-03-17T17:00:00Z,55193.67811111111
2021-03-17T18:00:00Z,56112.150481481476
2021-03-17T19:00:00Z,57235.18262962962
2021-03-17T20:00:00Z,58110.562259259255
2021-03-17T21:00:00Z,58720.46670370371
2021-03-17T22:00:00Z,58923.81588888888
2021-03-17T23:00:00Z,59082.23044444444
2021-03-18T00:00:00Z,59194.64800000001
2021-03-18T01:00:00Z,59283.878777777776
2021-03-18T02:00:00Z,59295.80722222222
2021-03-18T03:00:00Z,59157.097222222226
2021-03-18T04:00:00Z,58999.70085185186
2021-03-18T05:00:00Z,58915.293333333335
2021-03-18T06:00:00Z,58901.2187037037
2021-03-18T07:00:00Z,58748.920999999995
2021-03-18T08:00:00Z,58419.858185185185
2021-03-18T09:00:00Z,58189.30174074074
2021-03-18T10:00:00Z,58156.50133333334
2021-03-18T11:00:00Z,58168.48351851851
2021-03-18T12:00:00Z,58154.41274074073
2021-03-18T13:00:00Z,58011.97651851852
2021-03-18T14:00:00Z,57856.965851851855
2021-03-18T15:00:00Z,58260.64377777778
2021-03-18T16:00:00Z,58780.025481481476
2021-03-18T17:00:00Z,59263.12488888887
2021-03-18T18:00:00Z,59200.63485185184
2021-03-18T19:00:00Z,58526.02996296295
2021-03-18T20:00:00Z,57770.50051851852
2021-03-18T21:00:00Z,57371.368074074075
2021-03-18T22:00:00Z,57290.23196296297
2021-03-18T23:00:00Z,57387.07514814815
2021-03-19T00:00:00Z,57264.98325925926
2021-03-19T01:00:00Z,57171.0967037037
2021-03-19T02:00:00Z,57139.675185185195
2021-03-19T03:00:00Z,57324.754000000015
2021-03-19T04:00:00Z,57617.62907407407
2021-03-19T05:00:00Z,58005.526000000005
2021-03-19T06:00:00Z,58266.44662962962
2021-03-19T07:00:00Z,58272.01570370371
2021-03-19T08:00:00Z,58272.129962962965
2021-03-19T09:00:00Z,58274.06077777778
2021-03-19T10:00:00Z,58413.11448148149
2021-03-19T11:00:00Z,58653.84681481482
2021-03-19T12:00:00Z,58867.998555555554
2021-03-19T13:00:00Z,58817.38125925925
2021-03-19T14:00:00Z,58746.58814814815
2021-03-19T15:00:00Z,58776.34351851853
2021-03-19T16:00:00Z,58863.56933333335
2021-03-19T17:00:00Z,58954.864
2021-03-19T18:00:00Z,58964.524370370375
2021-03-19T19:00:00Z,58936.51437037039
2021-03-19T20:00:00Z,58762.83725925927
2021-03-19T21:00:00Z,58625.044962962966
2021-03-19T22:00:00Z,58501.809148148146
2021-03-19T23:00:00Z,58300.93351851854
2021-03-20T00:00:00Z,58283.49503703704
2021-03-20T01:00:00Z,58401.2922962963
2021-03-20T02:00:00Z,58537.44540740741
2021-03-20T03:00:00Z,58568.29696296297
2021-03-20T04:00:00Z,58454.616962962966
2021-03-20T05:00:00Z,58275.05766666667
2021-03-20T06:00:00Z,58195.752925925925
2021-03-20T07:00:00Z,58233.997555555565
2021-03-20T08:00:00Z,58406.21925925927
2021-03-20T09:00:00Z,58627.0321851852
2021-03-20T10:00:00Z,58773.54922222223
2021-03-20T11:00:00Z,58994.360555555555
2021-03-20T12:00:00Z,59183.81562962963
2021-03-20T13:00:00Z,59276.498296296304
2021-03-20T14:00:00Z,59364.42992592591
2021-03-20T15:00:00Z,59389.45781481482
2021-03-20T16:00:00Z,59318.00622222221
2021-03-20T17:00:00Z,59235.91033333334
2021-03-20T18:00:00Z,59166.85725925926
2021-03-20T19:00:00Z,59173.6222962963
2021-03-20T20:00:00Z,59007.76785185185
2021-03-20T21:00:00Z,58816.018000000004
2021-03-20T22:00:00Z,58589.069518518525
2021-03-20T23:00:00Z,58314.87807407407
2021-03-21T00:00:00Z,58173.68874074074
2021-03-21T01:00:00Z,58088.70440740741
2021-03-21T02:00:00Z,57899.07707407408
2021-03-21T03:00:00Z,57741.015777777786
2021-03-21T04:00:00Z,57370.825037037044
2021-03-21T05:00:00Z,57067.56307407408
2021-03-21T06:00:00Z,56871.6585925926
2021-03-21T07:00:00Z,56793.633074074074
2021-03-21T08:00:00Z,56863.12537037036
2021-03-21T09:00:00Z,56625.88640740741
2021-03-21T10:00:00Z,56304.12025925925
2021-03-21T11:00:00Z,56048.09796296296
2021-03-21T12:00:00Z,55947.295000000006
2021-03-21T13:00:00Z,56236.96888888889
2021-03-21T14:00:00Z,56710.92748148148
2021-03-21T15:00:00Z,57155.638
2021-03-21T16:00:00Z,57433.109
2021-03-21T17:00:00Z,57528.020962962946
2021-03-21T18:00:00Z,57547.4924074074
2021-03-21T19:00:00Z,57586.46611111111
2021-03-21T20:00:00Z,57711.248222222224
2021-03-21T21:00:00Z,57941.070888888884
2021-03-21T22:00:00Z,58005.12448148148
2021-03-21T23:00:00Z,57852.47914814815
2021-03-22T00:00:00Z,57362.32037037037
2021-03-22T01:00:00Z,56835.479185185184
2021-03-22T02:00:00Z,56569.796555555564
2021-03-22T03:00:00Z,56742.38648148149
2021-03-22T04:00:00Z,57150.07481481482
2021-03-22T05:00:00Z,57524.4912962963
2021-03-22T06:00:00Z,57754.270740740736
2021-03-22T07:00:00Z,57795.23059259259
2021-03-22T08:00:00Z,57630.98266666668
2021-03-22T09:00:00Z,57449.08762962963
2021-03-22T10:00:00Z,57481.584851851854
2021-03-22T11:00:00Z,57606.571814814815
2021-03-22T12:00:00Z,57605.1847037037
2021-03-22T13:00:00Z,57400.19807407408
2021-03-22T14:00:00Z,57123.487111111106
2021-03-22T15:00:00Z,56951.13966666666
2021-03-22T16:00:00Z,56824.864037037034
2021-03-22T17:00:00Z,56832.8712962963
2021-03-22T18:00:00Z,56722.36681481482
2021-03-22T19:00:00Z,56294.20148148148
2021-03-22T20:00:00Z,55473.69911111111
2021-03-22T21:00:00Z,54654.493888888894
2021-03-22T22:00:00Z,54139.468518518515
2021-03-22T23:00:00Z,53851.47237037037
2021-03-23T00:00:00Z,53942.844259259255
2021-03-23T01:00:00Z,54322.534259259264
2021-03-23T02:00:00Z,54602.25855555556
2021-03-23T03:00:00Z,54762.98951851853
2021-03-23T04:00:00Z,54702.091740740754
2021-03-23T05:00:00Z,54286.69096296297
2021-03-23T06:00:00Z,53727.15688888891
2021-03-23T07:00:00Z,53501.27596296297
2021-03-23T08:00:00Z,53643.90807407408
2021-03-23T09:00:00Z,54072.76114814816
2021-03-23T10:00:00Z,54512.82040740742
2021-03-23T11:00:00Z,54657.11796296297
2021-03-23T12:00:00Z,54849.912000000004
2021-03-23T13:00:00Z,55086.571888888895
2021-03-23T14:00:00Z,55294.06577777779
2021-03-23T15:00:00Z,55398.99944444445
2021-03-23T16:00:00Z,55492.1247037037
2021-03-23T17:00:00Z,55635.802259259246
2021-03-23T18:00:00Z,55672.72329629629
2021-03-23T19:00:00Z,55516.334333333325
2021-03-23T20:00:00Z,55083.45255555555
2021-03-23T21:00:00Z,54682.11000000001
2021-03-23T22:00:00Z,54368.88903703706
2021-03-23T23:00:00Z,54201.29214814817
2021-03-24T00:00:00Z,53955.734222222236
2021-03-24T01:00:00Z,53932.21025925925
2021-03-24T02:00:00Z,54047.175222222206
2021-03-24T03:00:00Z,54214.81359259258
2021-03-24T04:00:00Z,54273.24007407407
2021-03-24T05:00:00Z,54217.96622222222
2021-03-24T06:00:00Z,54296.40529629629
2021-03-24T07:00:00Z,54702.620740740735
2021-03-24T08:00:00Z,55470.244000000006
2021-03-24T09:00:00Z,56241.34777777778
2021-03-24T10:00:00Z,56774.53496296296
2021-03-24T11:00:00Z,57012.39648148146
2021-03-24T12:00:00Z,57120.38885185183
2021-03-24T13:00:00Z,57121.97507407406
2021-03-24T14:00:00Z,56988.05937037037
2021-03-24T15:00:00Z,56714.679000000004
2021-03-24T16:00:00Z,56266.13551851853
2021-03-24T17:00:00Z,55965.67551851852
2021-03-24T18:00:00Z,55614.53766666667
2021-03-24T19:00:00Z,55139.9684074074
2021-03-24T20:00:00Z,54496.71555555556
2021-03-24T21:00:00Z,53833.339555555554
2021-03-24T22:00:00Z,53025.23129629629
2021-03-24T23:00:00Z,52287.44281481482
2021-03-25T00:00:00Z,51898.84522222223
2021-03-25T01:00:00Z,51617.29322222222
2021-03-25T02:00:00Z,51618.25340740741
2021-03-25T03:00:00Z,51707.224259259245
2021-03-25T04:00:00Z,51875.574222222225
2021-03-25T05:00:00Z,52185.35018518518
2021-03-25T06:00:00Z,52573.62137037036
2021-03-25T07:00:00Z,52700.851370370365
2021-03-25T08:00:00Z,52714.87488888889
2021-03-25T09:00:00Z,52761.97103703705
2021-03-25T10:00:00Z,52870.63644444444
2021-03-25T11:00:00Z,52753.54396296296
2021-03-25T12:00:00Z,52161.47770370369
2021-03-25T13:00:00Z,51606.26481481481
2021-03-25T14:00:00Z,51172.61459259258
2021-03-25T15:00:00Z,50909.83551851852
2021-03-25T16:00:00Z,50882.24077777778
2021-03-25T17:00:00Z,51059.67374074075
2021-03-25T18:00:00Z,51516.243444444444
2021-03-25T19:00:00Z,51999.515370370376
2021-03-25T20:00:00Z,52274.67740740741
2021-03-25T21:00:00Z,52448.75296296296
2021-03-25T22:00:00Z,52328.47859259259
2021-03-25T23:00:00Z,51965.99103703703
2021-03-26T00:00:00Z,51779.96137037037
2021-03-26T01:00:00Z,51837.73118518518
2021-03-26T02:00:00Z,51890.925111111115
2021-03-26T03:00:00Z,52090.70081481482
2021-03-26T04:00:00Z,52373.07655555556
2021-03-26T05:00:00Z,52699.21177777778
2021-03-26T06:00:00Z,52884.55985185186
2021-03-26T07:00:00Z,53208.17655555557
2021-03-26T08:00:00Z,53468.99085185186
2021-03-26T09:00:00Z,53625.073962962975
2021-03-26T10:00:00Z,53660.06811111112
2021-03-26T11:00:00Z,53386.363111111124
2021-03-26T12:00:00Z,53121.8195925926
2021-03-26T13:00:00Z,53046.34670370371
2021-03-26T14:00:00Z,53169.63455555555
2021-03-26T15:00:00Z,53324.8434074074
2021-03-26T16:00:00Z,53561.616592592596
2021-03-26T17:00:00Z,53789.271185185185
2021-03-26T18:00:00Z,53914.929444444446
2021-03-26T19:00:00Z,53968.3545925926
2021-03-26T20:00:00Z,54001.32792592592
2021-03-26T21:00:00Z,54223.97459259259
2021-03-26T22:00:00Z,54454.02659259259
2021-03-26T23:00:00Z,54801.69696296295
2021-03-27T00:00:00Z,55006.611296296294
2021-03-27T01:00:00Z,55046.69022222222
2021-03-27T02:00:00Z,54992.409740740746
2021-03-27T03:00:00Z,54903.275370370364
2021-03-27T04:00:00Z,54906.247222222235
2021-03-27T05:00:00Z,55023.46144444444
2021-03-27T06:00:00Z,55128.45714814813
2021-03-27T07:00:00Z,55148.60507407406
2021-03-27T08:00:00Z,55088.9347037037
2021-03-27T09:00:00Z,55034.77333333334
2021-03-27T10:00:00Z,54911.21388888889
2021-03-27T11:00:00Z,54707.842000000004
2021-03-27T12:00:00Z,54452.09718518518
2021-03-27T13:00:00Z,54382.03514814814
2021-03-27T14:00:00Z,54439.886296296296
2021-03-27T15:00:00Z,54654.2974074074
2021-03-27T16:00:00Z,55238.02759259258
2021-03-27T17:00:00Z,55860.48959259259
2021-03-27T18:00:00Z,56223.31281481482
2021-03-27T19:00:00Z,56281.33011111113
2021-03-27T20:00:00Z,56165.09555555556
2021-03-27T21:00:00Z,56205.148296296284
2021-03-27T22:00:00Z,56347.408074074076
2021-03-27T23:00:00Z,56330.38318518518
2021-03-28T00:00:00Z,56229.376
2021-03-28T01:00:00Z,56121.997074074075
2021-03-28T02:00:00Z,55999.94507407408
2021-03-28T03:00:00Z,55967.77277777778
2021-03-28T04:00:00Z,56045.50848148148
2021-03-28T05:00:00Z,56168.19581481482
2021-03-28T06:00:00Z,56184.00322222223
2021-03-28T07:00:00Z,56189.96437037037
2021-03-28T08:00:00Z,56213.84625925925
2021-03-28T09:00:00Z,56211.833074074064
2021-03-28T10:00:00Z,56186.137851851854
2021-03-28T11:00:00Z,56042.162037037044
2021-03-28T12:00:00Z,55787.554259259276
2021-03-28T13:00:00Z,55621.03070370372
2021-03-28T14:00:00Z,55580.5878888889
2021-03-28T15:00:00Z,55807.22733333332
2021-03-28T16:00:00Z,56095.80992592592
2021-03-28T17:00:00Z,56228.98851851851
2021-03-28T18:00:00Z,55973.402259259274
2021-03-28T19:00:00Z,55549.472296296306
2021-03-28T20:00:00Z,55067.780814814825
2021-03-28T21:00:00Z,54813.75837037037
2021-03-28T22:00:00Z,54921.69211111111
2021-03-28T23:00:00Z,55263.20533333334
2021-03-29T00:00:00Z,55515.13251851852
2021-03-29T01:00:00Z,55540.84107407407
2021-03-29T02:00:00Z,55450.036370370384
2021-03-29T03:00:00Z,55351.42311111111
2021-03-29T04:00:00Z,55305.814666666665
2021-03-29T05:00:00Z,55208.190370370365
2021-03-29T06:00:00Z,55197.560777777784
2021-03-29T07:00:00Z,55402.83655555556
2021-03-29T08:00:00Z,56060.436888888886
2021-03-29T09:00:00Z,57058.872111111115
2021-03-29T10:00:00Z,57988.030666666666
2021-03-29T11:00:00Z,58511.13855555557
2021-03-29T12:00:00Z,58644.66466666667
2021-03-29T13:00:00Z,58514.59474074073
2021-03-29T14:00:00Z,58373.344259259255
2021-03-29T15:00:00Z,58153.81696296295
2021-03-29T16:00:00Z,57896.69274074074
2021-03-29T17:00:00Z,57758.39181481482
2021-03-29T18:00:00Z,57709.52733333333
2021-03-29T19:00:00Z,57701.371592592586
2021-03-29T20:00:00Z,57554.2792962963
2021-03-29T21:00:00Z,57436.020740740736
2021-03-29T22:00:00Z,57440.51974074073
2021-03-29T23:00:00Z,57513.89611111112
2021-03-30T00:00:00Z,57564.669481481484
2021-03-30T01:00:00Z,57513.319814814815
2021-03-30T02:00:00Z,57387.34933333334
2021-03-30T03:00:00Z,57220.32985185186
2021-03-30T04:00:00Z,57217.66148148148
2021-03-30T05:00:00Z,57352.3082962963
2021-03-30T06:00:00Z,57659.847481481476
2021-03-30T07:00:00Z,57989.05014814815
2021-03-30T08:00:00Z,58167.37874074074
2021-03-30T09:00:00Z,58457.59474074075
2021-03-30T10:00:00Z,58755.71714814816
2021-03-30T11:00:00Z,59125.89199999999
2021-03-30T12:00:00Z,59374.57440740741
2021-03-30T13:00:00Z,59388.07637037038
2021-03-30T14:00:00Z,59242.50829629631
2021-03-30T15:00:00Z,58940.92811111113
2021-03-30T16:00:00Z,58715.78322222223
2021-03-30T17:00:00Z,58602.91796296296
2021-03-30T18:00:00Z,58646.74344444444
2021-03-30T19:00:00Z,58823.494037037024
2021-03-30T20:00:00Z,58883.60848148147
2021-03-30T21:00:00Z,58867.85192592593
2021-03-30T22:00:00Z,58783.90455555557
2021-03-30T23:00:00Z,58732.80092592593
2021-03-31T00:00:00Z,58808.6967037037
2021-03-31T01:00:00Z,58903.82611111111
2021-03-31T02:00:00Z,58899.70818518518
2021-03-31T03:00:00Z,58801.343111111106
2021-03-31T04:00:00Z,58708.992592592585
2021-03-31T05:00:00Z,58661.049
2021-03-31T06:00:00Z,58959.0272962963
2021-03-31T07:00:00Z,58926.2872962963
2021-03-31T08:00:00Z,58625.127518518515
2021-03-31T09:00:00Z,58184.695703703714
2021-03-31T10:00:00Z,57765.8692962963
2021-03-31T11:00:00Z,57624.661037037054
2021-03-31T12:00:00Z,57713.724629629636
2021-03-31T13:00:00Z,58034.77707407408
2021-03-31T14:00:00Z,58390.45977777779
2021-03-31T15:00:00Z,58861.48907407406
2021-03-31T16:00:00Z,59180.96277777776
2021-03-31T17:00:00Z,59392.96814814813
2021-03-31T18:00:00Z,59482.609481481486
2021-03-31T19:00:00Z,59277.04770370369
2021-03-31T20:00:00Z,59064.43214814815
2021-03-31T21:00:00Z,58905.33674074074
2021-03-31T22:00:00Z,58766.660407407406
2021-03-31T23:00:00Z,58713.445222222224
2021-04-01T00:00:00Z,58835.1227037037
2021-04-01T01:00:00Z,59016.73685185184
2021-04-01T02:00:00Z,59166.22377777778
2021-04-01T03:00:00Z,59232.7917037037
2021-04-01T04:00:00Z,59159.743037037035
2021-04-01T05:00:00Z,59007.6511111111
2021-04-01T06:00:00Z,58842.84329629629
2021-04-01T07:00:00Z,58753.2044074074
2021-04-01T08:00:00Z,58736.91944444445
2021-04-01T09:00:00Z,58766.21133333333
2021-04-01T10:00:00Z,58739.578148148146
2021-04-01T11:00:00Z,58665.65337037037
2021-04-01T12:00:00Z,58630.520888888896
2021-04-01T13:00:00Z,58695.92566666667
2021-04-01T14:00:00Z,58840.98885185185
2021-04-01T15:00:00Z,58972.91811111112
2021-04-01T16:00:00Z,58981.38151851852
2021-04-01T17:00:00Z,58825.37625925927
2021-04-01T18:00:00Z,58678.11922222222
2021-04-01T19:00:00Z,58662.30874074074
2021-04-01T20:00:00Z,58735.32899999999
2021-04-01T21:00:00Z,58799.992925925915
2021-04-01T22:00:00Z,58881.002296296305
2021-04-01T23:00:00Z,58872.94325925927
2021-04-02T00:00:00Z,58801.52822222224
2021-04-02T01:00:00Z,58766.75722222222
2021-04-02T02:00:00Z,59004.51785185185
2021-04-02T03:00:00Z,59423.661259259265
2021-04-02T04:00:00Z,59749.63296296298
2021-04-02T05:00:00Z,59869.73944444446
2021-04-02T06:00:00Z,59799.636222222216
2021-04-02T07:00:00Z,59648.643000000004
2021-04-02T08:00:00Z,59529.89992592592
2021-04-02T09:00:00Z,59514.1331111111
2021-04-02T10:00:00Z,59557.026962962955
2021-04-02T11:00:00Z,59598.69025925925
2021-04-02T12:00:00Z,59595.54107407407
2021-04-02T13:00:00Z,59462.31092592591
2021-04-02T14:00:00Z,59339.54825925926
2021-04-02T15:00:00Z,59306.42451851852
2021-04-02T16:00:00Z,59285.35822222222
2021-04-02T17:00:00Z,59255.05722222223
2021-04-02T18:00:00Z,59180.007888888904
2021-04-02T19:00:00Z,59027.91122222223
2021-04-02T20:00:00Z,58822.7395925926
2021-04-02T21:00:00Z,58672.95181481482
2021-04-02T22:00:00Z,58631.80511111111
2021-04-02T23:00:00Z,58720.00044444444
2021-04-03T00:00:00Z,58981.67451851852
2021-04-03T01:00:00Z,59220.755851851856
2021-04-03T02:00:00Z,59411.55044444444
2021-04-03T03:00:00Z,59454.90462962963
2021-04-03T04:00:00Z,59453.84848148149
2021-04-03T05:00:00Z,59458.40451851852
2021-04-03T06:00:00Z,59465.609370370374
2021-04-03T07:00:00Z,59434.80233333333
2021-04-03T08:00:00Z,59296.098962962955
2021-04-03T09:00:00Z,59243.17262962963
2021-04-03T10:00:00Z,59240.60551851853
2021-04-03T11:00:00Z,59267.065148148155
2021-04-03T12:00:00Z,59281.63077777778
2021-04-03T13:00:00Z,59319.77159259259
2021-04-03T14:00:00Z,59289.90970370371
2021-04-03T15:00:00Z,59131.55381481483
2021-04-03T16:00:00Z,58919.370814814836
2021-04-03T17:00:00Z,58572.660259259275
2021-04-03T18:00:00Z,58339.752518518515
2021-04-03T19:00:00Z,58279.537296296294
2021-04-03T20:00:00Z,58195.27037037037
2021-04-03T21:00:00Z,57977.11888888889
2021-04-03T22:00:00Z,57676.52696296297
2021-04-03T23:00:00Z,57291.86518518518
2021-04-04T00:00:00Z,56877.7835925926
2021-04-04T01:00:00Z,56641.784814814804
2021-04-04T02:00:00Z,56718.81792592593
2021-04-04T03:00:00Z,57026.264037037035
2021-04-04T04:00:00Z,57378.25692592593
2021-04-04T05:00:00Z,57594.16137037037
2021-04-04T06:00:00Z,57642.57262962961
2021-04-04T07:00:00Z,57651.66362962961
2021-04-04T08:00:00Z,57608.03914814813
2021-04-04T09:00:00Z,57626.93059259258
2021-04-04T10:00:00Z,57679.66722222222
2021-04-04T11:00:00Z,57613.05896296295
2021-04-04T12:00:00Z,57621.090592592576
2021-04-04T13:00:00Z,57785.8931111111
2021-04-04T14:00:00Z,58021.292851851846
2021-04-04T15:00:00Z,58158.72507407408
2021-04-04T16:00:00Z,58187.56481481481
2021-04-04T17:00:00Z,58184.25318518519
2021-04-04T18:00:00Z,58176.44996296298
2021-04-04T19:00:00Z,58131.66514814816
2021-04-04T20:00:00Z,58082.25896296297
2021-04-04T21:00:00Z,58064.33485185184
2021-04-04T22:00:00Z,58087.152
2021-04-04T23:00:00Z,58149.82774074074
2021-04-05T00:00:00Z,58118.39037037036
2021-04-05T01:00:00Z,57998.68203703704
2021-04-05T02:00:00Z,57802.516333333326
2021-04-05T03:00:00Z,57586.89155555555
2021-04-05T04:00:00Z,57376.08566666668
2021-04-05T05:00:00Z,57116.72955555556
2021-04-05T06:00:00Z,56964.127925925925
2021-04-05T07:00:00Z,56954.665925925925
2021-04-05T08:00:00Z,57010.3904074074
2021-04-05T09:00:00Z,57195.074629629635
2021-04-05T10:00:00Z,57430.33677777778
2021-04-05T11:00:00Z,57664.33785185185
2021-04-05T12:00:00Z,57890.8961851852
2021-04-05T13:00:00Z,58094.61822222223
2021-04-05T14:00:00Z,58549.77870370371
2021-04-05T15:00:00Z,58999.22214814815
2021-04-05T16:00:00Z,59299.879629629635
2021-04-05T17:00:00Z,59367.19685185186
2021-04-05T18:00:00Z,59253.74951851853
2021-04-05T19:00:00Z,59140.10592592594
2021-04-05T20:00:00Z,58998.241666666676
2021-04-05T21:00:00Z,58845.93466666667
2021-04-05T22:00:00Z,58770.46618518519
2021-04-05T23:00:00Z,58841.99688888889
2021-04-06T00:00:00Z,59052.47181481482
2021-04-06T01:00:00Z,59245.401925925944
